0 2.21981 2.22439 2.15321 2.23132 1.85034 2.39181 2.21298 2.2272 1.94438 1.72111 2.24112 2.11368 1.44943 1.72791 1.91223 2.22758 2.31398 2.18722 2.24001 1.50991 2.20421 2.25198 2.1745 2.25669 2.16046 2.20266 2.29143 2.20197 1.78826 1.86474 2.21622 2.20417 2.51343 1.72595 2.3227 2.27447 2.23062 2.22844 2.2258 2.51311 2.14875 2.13028 2.22178 2.23244 2.33252 2.20704 2.21424 1.8063 2.24585 2.18121 2.23261 2.33883 2.26796 2.2373 2.16843 2.23837 2.22022 1.66273 2.4358 2.24507 2.21128 2.35761 2.20214 2.17946 2.19142 2.30084 2.31805 2.16623 2.20105 2.33116 1.50715 2.2397 1.68815 2.27597 2.36354 2.2743 2.18173 2.23491 2.32132 2.27864 2.3172 2.20115 2.26473 2.37593 2.26632 2.24729 2.22697 2.19774 2.17372 1.77515 2.20753 2.1943 2.22888 2.21958 2.18781 2.21797 2.2804 2.26019 2.28507 2.23471 2.28066 2.27771 2.25215 2.27346 1.64476 2.20481 2.2131 2.23445 2.17676 2.21344 2.22271 2.30555 2.25106 2.27558 2.21556 1.90544 2.25926 2.23674 2.24473 2.27514 2.24731 2.25512 1.50837 2.2485 2.22695 2.24821 2.25209 2.18242 1.78447 1.92779 2.06383 2.28054 2.11171 2.33898 2.21479 2.1964
2.21981 0 1.84932 2.25197 2.38072 2.24589 2.40408 2.33235 2.02526 2.26613 2.25476 2.1449 2.02377 2.21849 2.24936 2.29947 2.05391 2.41448 2.06663 2.08646 2.17847 2.0657 2.25964 2.39873 2.37354 2.28977 2.2909 2.11143 2.29743 2.20525 2.22203 2.29743 2.4081 2.41506 2.26261 2.07307 2.07955 2.3652 2.06061 2.32802 2.50322 2.27564 2.2853 2.07177 2.32982 2.35899 2.4321 2.10388 2.29103 1.6409 2.35676 2.33624 2.35867 2.3953 2.12719 2.3901 2.32853 2.14773 2.27363 2.41232 2.32853 2.14349 2.33858 2.38422 1.75234 1.58236 2.37692 2.12296 2.03631 1.68777 2.3485 2.22698 2.35687 2.19026 2.07216 2.39023 2.14505 2.02235 2.13053 2.37716 2.34867 2.43427 1.63067 2.38201 2.3931 2.37573 2.32959 2.41896 2.31693 2.06355 2.27078 2.41223 2.39217 2.05895 2.07735 2.07712 2.02344 2.31012 2.33013 2.37871 2.31315 2.31975 2.33563 2.29429 2.33792 2.20631 2.34558 2.30502 2.36988 2.28485 2.36694 2.33633 2.37282 2.28733 2.34331 2.30091 2.19813 2.3094 2.2977 2.35932 2.35693 2.37226 2.30965 2.20267 2.35174 2.35617 2.3701 2.3869 2.07736 2.29303 2.31474 2.08716 2.04886 2.29616 2.39975 2.12994 2.37228
2.22439 1.84932 0 2.24706 2.33816 2.20741 2.37968 2.32128 2.04536 2.23072 2.26212 2.13742 2.02588 2.22882 2.22881 2.25962 2.05396 2.35112 1.98022 2.0207 2.20838 2.01378 2.29561 2.33335 2.37728 2.28602 2.29445 2.07123 2.24816 2.21794 2.20145 2.27786 2.41737 2.45066 2.2708 2.09313 1.98701 2.33278 1.99642 2.32553 2.49514 2.30001 2.26736 2.0195 2.33212 2.33267 2.39327 2.08239 2.27408 1.75923 2.34087 2.34654 2.33904 2.37231 2.10375 2.39955 2.28355 2.06771 2.25288 2.39181 2.33674 2.10395 2.32999 2.35708 1.8444 1.73991 2.37012 2.07654 1.98347 1.69796 2.33257 2.21831 2.31559 2.20901 2.03568 2.37633 2.11005 1.98638 2.10414 2.41564 2.33746 2.35063 1.75306 2.35257 2.38533 2.3732 2.33721 2.41435 2.31936 2.02767 2.26591 2.37008 2.33705 1.9702 2.05703 1.99325 1.95438 2.33138 2.30655 2.34229 2.28021 2.32402 2.31766 2.29893 2.2872 2.24059 2.34225 2.30999 2.30855 2.27615 2.3623 2.29751 2.36928 2.33478 2.33517 2.29093 2.19965 2.27108 2.3139 2.3552 2.36147 2.33174 2.33761 2.18664 2.31276 2.36721 2.34337 2.37214 1.9856 2.25123 2.23059 2.06776 1.97323 2.24384 2.41228 2.06669 2.32359
2.15321 2.25197 2.24706 0 2.29044 2.24034 2.3618 2.3099 2.26433 2.30744 2.21238 2.11432 2.27175 2.21178 2.23625 2.29206 2.089 2.36756 2.10399 2.21722 2.19591 2.0965 1.86842 2.20092 2.28121 2.09963 1.58995 2.16405 2.12471 2.30656 2.21568 2.12536 2.29878 2.42202 2.17371 2.13902 2.03858 2.2141 2.15328 2.23484 2.41926 1.56595 1.52036 2.08611 2.2701 2.28795 2.24958 2.10475 2.27048 2.32371 2.20938 2.2912 2.27172 2.28618 2.08458 2.26504 2.18316 2.12646 2.26404 2.30988 2.13058 2.17969 2.26611 1.80274 2.33306 2.34291 2.24038 2.42319 2.08903 2.24515 2.32038 2.19083 2.25841 2.20238 2.1142 2.26319 2.17268 2.06256 2.10284 2.22422 2.26827 2.36693 2.26939 2.26908 2.26087 2.30175 2.26945 2.23646 2.21677 2.1376 2.28728 2.24003 2.18142 2.03776 2.12018 2.12786 2.01102 2.27895 2.22871 2.27908 2.30946 2.27315 2.32518 2.24265 2.29479 2.19604 2.31095 2.26533 2.24763 2.19675 2.29918 2.25953 2.31506 2.31768 2.3022 2.29747 2.23744 2.24232 2.2261 2.32836 2.28175 2.30884 2.21464 2.12174 2.25503 2.31642 2.28697 2.28294 2.19946 2.22994 2.32151 2.26429 2.16363 1.87448 2.25081 2.11925 2.32194
2.23132 2.38072 2.33816 2.29044 0 2.2488 2.25817 1.24282 2.43234 2.32869 2.24648 2.1719 2.34618 2.28971 2.36717 2.35127 2.24373 1.48705 2.23008 2.2836 2.18477 2.24299 2.32148 2.3042 1.78366 2.27071 2.25771 2.33026 2.25039 2.28396 2.32875 2.24274 2.34732 2.39261 2.34366 2.33108 2.29531 2.32495 2.23944 1.38796 2.48339 2.25667 2.25748 2.27475 1.30088 2.2473 2.31489 2.21989 2.29129 2.35155 2.33529 1.42793 2.27562 1.53634 2.19805 2.33534 2.351 2.20495 2.271 2.24398 2.334 2.26545 2.16364 2.28367 2.38692 2.3754 2.37147 2.35418 2.24476 2.34391 1.75687 2.24349 1.58708 2.28094 2.30975 2.40563 2.28726 2.2271 2.2753 2.39508 1.47551 2.18984 2.41306 1.63831 2.40165 1.49063 1.29662 2.34362 2.35559 2.22594 2.26733 2.32426 2.29999 2.24441 2.30218 2.21045 2.19977 1.59349 1.42421 1.6011 1.69891 1.51831 1.45491 1.71174 1.79059 2.22436 1.75834 1.52661 1.45434 1.26021 1.47171 1.49074 1.41091 1.63162 1.41617 1.55462 2.23859 1.78682 1.50515 1.76613 1.39539 1.4362 1.55549 2.18223 1.5 1.31143 1.56891 1.48695 2.26633 2.26161 2.26471 2.25 2.24089 2.19217 2.34503 2.23186 1.4143
1.85034 2.24589 2.20741 2.24034 2.2488 0 2.38664 2.31908 2.25275 1.95119 1.87566 2.34419 2.16923 1.85631 1.84466 1.93424 2.29609 2.40277 2.29498 2.2471 1.75788 2.2285 2.30066 2.18337 2.34814 2.31331 2.29853 2.34325 2.29615 1.82693 1.77764 2.22711 2.24166 2.43595 1.90152 2.33382 2.30227 2.23577 2.27295 2.3124 2.4788 2.2915 2.22626 2.22299 2.28022 2.31899 2.32253 2.2698 1.71276 2.23326 2.25354 2.25109 2.30724 2.28718 2.26586 2.28511 2.28222 2.21817 1.79677 2.40196 2.30805 2.25381 2.34969 2.23398 2.22135 2.22134 2.34176 2.28511 2.19081 2.21332 2.38324 1.74924 2.28844 1.74661 2.26328 2.4036 2.24788 2.22415 2.33037 2.35616 2.3719 2.37889 2.24859 2.3454 2.40251 2.37173 2.34788 2.30898 2.22289 2.24481 1.84698 2.26101 2.2405 2.25112 2.34098 2.23247 2.277 2.32997 2.3195 2.26455 2.34363 2.29936 2.28596 2.27968 2.36014 1.89642 2.24871 2.28273 2.29311 2.21863 2.26772 2.22186 2.30507 2.26179 2.35424 2.22708 1.85642 2.30215 2.34389 2.27096 2.34839 2.3164 2.27285 1.83219 2.26398 2.34016 2.33922 2.32401 2.18253 1.68209 2.03516 2.02747 2.24407 2.20767 2.37897 2.3094 2.20728
2.39181 2.40408 2.37968 2.3618 2.25817 2.38664 0 2.2319 2.44294 2.37995 2.36059 2.26102 2.37981 2.40912 2.38706 2.46165 2.29266 2.25483 2.26029 2.29347 2.33713 2.23787 2.31689 2.3542 2.15517 2.28672 2.32763 2.31898 2.32331 2.43345 2.36844 2.30563 2.32782 2.08341 2.40527 2.35866 2.38984 2.29455 2.22606 2.21282 2.33614 2.34713 2.3343 2.27493 2.25235 1.5279 2.33282 2.24153 2.37229 2.344 2.31368 2.21272 1.58103 2.27504 2.24236 2.37771 1.85174 2.23865 2.41504 2.23855 2.39619 2.30232 1.72658 2.37178 2.45567 2.39931 2.34371 2.44284 2.24142 2.38875 2.27596 2.32982 2.31268 2.34495 2.29713 2.25594 2.27855 2.23241 2.281 2.22063 2.25663 1.95712 2.42087 2.27899 2.22057 2.33069 2.20871 2.39967 2.28756 2.24738 2.34227 2.28001 2.34524 2.25744 2.33032 2.29102 2.25271 2.23661 2.2641 2.31879 2.14291 2.31134 2.29084 2.05307 2.1694 2.34339 2.11875 2.22447 2.23863 2.2531 2.33831 2.28447 2.29625 2.21769 2.31125 2.29182 2.35042 2.13556 2.24459 2.15347 2.26114 2.21018 2.28505 2.33378 2.32305 2.28419 2.29124 2.30288 2.3607 2.33273 2.36183 2.33369 2.24458 2.29369 2.3878 2.28639 2.25126
2.21298 2.33235 2.32128 2.3099 1.24282 2.31908 2.2319 0 2.42881 2.35143 2.30159 2.17232 2.36458 2.29068 2.33559 2.35599 2.25039 1.49943 2.2045 2.3027 2.20542 2.24267 2.38636 2.3275 1.77008 2.2881 2.26722 2.32994 2.26319 2.33539 2.33872 2.27972 2.35112 2.43502 2.32157 2.31596 2.29989 2.30742 2.25836 1.39649 2.49548 2.28205 2.25338 2.29054 1.38335 2.25459 2.31835 2.22781 2.28064 2.31435 2.31152 1.47494 2.25284 1.50266 2.20001 2.34637 2.35416 2.22377 2.27689 2.29093 2.33998 2.25687 2.22155 2.27825 2.39694 2.36735 2.36885 2.38176 2.23594 2.33783 1.76051 2.27628 1.52483 2.26526 2.30684 2.41901 2.28412 2.20555 2.23998 2.38444 1.56977 2.19259 2.41725 1.44291 2.41542 1.56733 1.34885 2.35454 2.34964 2.24212 2.2481 2.31467 2.316 2.24588 2.30594 2.21327 2.17985 1.55621 1.41216 1.66185 1.73468 1.4865 1.57274 1.72574 1.73905 2.21197 1.81953 1.42989 1.45417 1.38977 1.5827 1.55686 1.50536 1.68265 1.5349 1.63848 2.22946 1.85412 1.43433 1.76627 1.49495 1.40433 1.50307 2.17825 1.43226 1.47902 1.53733 1.50109 2.24892 2.26386 2.23387 2.26167 2.21856 2.22419 2.34331 2.22047 1.44539
2.2272 2.02526 2.04536 2.26433 2.43234 2.25275 2.44294 2.42881 0 2.24035 2.29919 2.35155 1.96961 2.30968 2.29092 2.27743 2.25216 2.50036 2.26201 2.25558 2.2029 2.20574 2.27211 2.36381 2.4133 2.29589 2.30027 2.30869 2.26585 2.26155 2.25613 2.2917 2.38754 2.42499 2.27613 2.35961 2.31871 2.34801 2.30751 2.36483 2.46559 2.2636 2.29874 2.28636 2.3983 2.39888 2.3959 2.25493 2.27023 2.03897 2.37595 2.42329 2.39779 2.43681 2.32651 2.42612 2.30183 2.28873 2.34829 2.48805 2.28739 2.33899 2.40459 2.38455 2.05737 2.0546 2.38815 2.16804 2.23446 2.0069 2.43591 2.26734 2.40108 2.27416 2.29841 2.40437 2.33019 2.26041 2.31868 2.36529 2.41299 2.4789 2.07447 2.40394 2.37696 2.40854 2.39395 2.36951 2.3317 2.31657 2.32487 2.38227 2.36133 2.25153 2.26514 2.25567 2.24484 2.41918 2.37221 2.42362 2.39649 2.3954 2.39114 2.32814 2.37937 2.1813 2.36387 2.35734 2.37865 2.35925 2.40656 2.35658 2.43123 2.35614 2.41692 2.32787 2.21974 2.3316 2.35207 2.39834 2.39164 2.47226 2.39484 2.24276 2.39067 2.40184 2.41859 2.46197 2.11638 2.30556 2.28695 2.14162 2.25656 2.26559 2.3616 2.26999 2.3795
1.94438 2.26613 2.23072 2.30744 2.32869 1.95119 2.37995 2.35143 2.24035 0 1.97771 2.24071 2.20617 1.86719 1.97571 1.90978 2.26895 2.35405 2.23913 2.28983 1.95798 2.23422 2.28179 2.2636 2.35407 2.22889 2.29224 2.3236 2.2606 2.01502 1.96416 2.2499 2.30233 2.49949 1.77138 2.34345 2.34433 2.28108 2.30025 2.36672 2.48658 2.26593 2.24756 2.2835 2.31501 2.33712 2.25889 2.27048 1.98393 2.25187 2.26306 2.33916 2.33754 2.36169 2.25819 2.27626 2.32979 2.21911 1.96879 2.41626 2.30241 2.23851 2.3721 2.25476 2.19498 2.23133 2.32324 2.34131 2.20373 2.24548 2.41898 1.92856 2.37352 2.03141 2.23155 2.39759 2.23557 2.22503 2.23923 2.3331 2.34119 2.41104 2.19181 2.3669 2.39834 2.3091 2.32144 2.33879 2.27323 2.2067 1.99063 2.28618 2.28108 2.2381 2.27619 2.19246 2.20039 2.32052 2.33527 2.31651 2.35272 2.34641 2.34272 2.31176 2.3336 1.98784 2.2786 2.32511 2.3693 2.28453 2.34681 2.30374 2.3608 2.32171 2.36897 2.28056 1.98303 2.38813 2.30651 2.38804 2.33585 2.32596 2.33343 1.88797 2.3553 2.33554 2.33875 2.35017 2.1989 1.9483 2.05572 1.99111 2.31543 2.18037 2.33277 2.2389 2.24123
1.72111 2.25476 2.26212 2.21238 2.24648 1.87566 2.36059 2.30159 2.29919 1.97771 0 2.21228 2.11079 1.67255 1.92451 1.93969 2.27815 2.34087 2.20541 2.21987 1.56699 2.21561 2.2532 2.21944 2.31499 2.18599 2.21048 2.29472 2.20217 1.90568 1.76719 2.16736 2.1902 2.49132 1.73348 2.24533 2.32607 2.21695 2.22308 2.31535 2.4913 2.19975 2.10974 2.24887 2.28335 2.33081 2.25181 2.2414 1.78065 2.28714 2.20639 2.2385 2.29816 2.27738 2.24344 2.23595 2.25964 2.18341 1.90759 2.38133 2.22012 2.24168 2.30023 2.22647 2.27561 2.26429 2.33979 2.39667 2.18955 2.24945 2.33217 1.57194 2.26873 1.75428 2.31459 2.38279 2.24004 2.24838 2.26749 2.36344 2.32585 2.34748 2.23065 2.28209 2.39202 2.31593 2.299 2.28665 2.2114 2.2259 1.60742 2.27114 2.28894 2.26646 2.25116 2.20289 2.21499 2.25274 2.25833 2.27329 2.31123 2.28601 2.22705 2.22174 2.28475 1.78994 2.23219 2.28695 2.21292 2.21093 2.22997 2.28935 2.2516 2.3073 2.33915 2.24833 2.00729 2.26388 2.26228 2.2478 2.25498 2.22121 2.22267 1.71007 2.25267 2.25849 2.32813 2.24664 2.25578 1.8715 1.99135 2.12268 2.27703 2.13197 2.3081 2.20177 2.16678
2.24112 2.1449 2.13742 2.11432 2.1719 2.34419 2.26102 2.17232 2.35155 2.24071 2.21228 0 2.30364 2.23176 2.33191 2.28928 1.69115 2.30361 1.45595 1.94632 2.22011 1.68781 2.19489 2.29161 2.3217 2.2004 2.14837 1.90039 1.85153 2.26484 2.30679 1.90707 2.30035 2.47131 2.26447 1.99285 1.97082 2.28296 1.96785 2.28653 2.40903 2.18903 2.1788 1.57066 2.25671 2.26595 2.30956 1.69088 2.33605 2.18024 2.24879 2.2606 2.29634 2.27619 1.56064 2.292 2.23536 1.65622 2.28122 2.32081 2.1513 1.46014 2.28309 2.24671 2.18259 2.12741 2.24194 2.40766 1.51851 2.12029 2.34063 2.21018 2.2624 2.24787 1.50132 2.22789 1.41033 1.65229 1.47754 2.30094 2.30874 2.30608 2.13396 2.27803 2.22835 2.25475 2.24798 2.29745 2.19991 1.56828 2.27003 2.28844 2.32507 1.42155 1.81362 1.61061 1.68616 2.28552 2.25966 2.27968 2.25742 2.29428 2.29829 2.22639 2.21848 2.22264 2.25527 2.25387 2.24657 2.22033 2.28351 2.24497 2.33054 2.26406 2.27621 2.27175 2.30321 2.23177 2.24303 2.31295 2.26202 2.26141 2.2732 2.19714 2.32968 2.22376 2.24175 2.29312 2.22982 2.31041 2.31855 2.34067 1.77135 2.13456 2.32673 1.52152 2.22493
2.11368 2.02377 2.02588 2.27175 2.34618 2.16923 2.37981 2.36458 1.96961 2.20617 2.11079 2.30364 0 2.15434 2.23139 2.2315 2.27875 2.41194 2.23892 2.25452 2.13126 2.29599 2.23072 2.25555 2.36851 2.1092 2.2484 2.36312 2.07976 2.12579 2.15094 2.23133 2.27201 2.48111 2.21025 2.32161 2.37911 2.32707 2.36468 2.33565 2.41976 2.29452 2.2844 2.35549 2.32094 2.3496 2.3119 2.33593 2.1227 2.06586 2.28185 2.33062 2.3614 2.3604 2.38215 2.35875 2.20432 2.28423 2.21461 2.40899 2.12543 2.30863 2.36588 2.3203 1.97298 2.05118 2.3716 2.11511 2.29677 2.04582 2.36141 2.14575 2.36079 2.1624 2.34597 2.37645 2.34507 2.33099 2.36679 2.35141 2.3413 2.40047 1.94008 2.35022 2.39273 2.33308 2.32841 2.33173 2.27826 2.2554 2.20629 2.26862 2.28655 2.32408 2.28185 2.31537 2.30656 2.36102 2.32117 2.30304 2.38745 2.3262 2.36016 2.3176 2.34472 2.18097 2.37478 2.33569 2.27984 2.32038 2.35715 2.33899 2.33393 2.34982 2.30665 2.29709 2.14309 2.3341 2.35418 2.36254 2.35228 2.30499 2.30867 2.13782 2.34663 2.32552 2.36956 2.32485 1.98397 2.21468 2.11389 2.05673 2.35396 1.97579 2.33143 2.32911 2.29191
1.44943 2.21849 2.22882 2.21178 2.28971 1.85631 2.40912 2.29068 2.30968 1.86719 1.67255 2.23176 2.15434 0 1.83788 1.8116 2.2559 2.35852 2.15526 2.31252 1.56028 2.24439 2.18606 2.22762 2.32418 2.20907 2.16325 2.33183 2.25928 1.81202 1.74291 2.20215 2.19054 2.49532 1.63626 2.3274 2.29793 2.18464 2.25522 2.27058 2.56525 2.11868 2.16723 2.294 2.28386 2.34538 2.24247 2.23708 1.80271 2.23982 2.15052 2.2577 2.36534 2.31681 2.2903 2.19589 2.27144 2.22807 1.74374 2.45802 2.24933 2.22382 2.3452 2.31207 2.20579 2.25603 2.25756 2.29766 2.22009 2.23977 2.36787 1.56973 2.28921 1.73075 2.32212 2.38247 2.32295 2.16924 2.22438 2.26131 2.31587 2.39079 2.21288 2.30307 2.38626 2.30222 2.28169 2.25927 2.1335 2.20143 1.75809 2.23196 2.29228 2.29836 2.21226 2.23099 2.15589 2.27838 2.30948 2.2665 2.31265 2.28361 2.26285 2.32221 2.33424 1.62924 2.19291 2.27933 2.2437 2.253 2.31271 2.308 2.32926 2.34144 2.33772 2.27759 1.92867 2.34441 2.29426 2.31913 2.32322 2.31051 2.30689 1.57435 2.33948 2.30716 2.35073 2.29783 2.19098 1.79639 1.91611 2.15824 2.26637 2.1482 2.35207 2.20357 2.27999
1.72791 2.24936 2.22881 2.23625 2.36717 1.84466 2.38706 2.33559 2.29092 1.97571 1.92451 2.33191 2.23139 1.83788 0 1.87438 2.29079 2.39987 2.27116 2.29501 1.78301 2.24829 2.29616 2.23787 2.34666 2.2627 2.28287 2.34157 2.33599 1.86938 1.91426 2.26791 2.29003 2.49916 1.92006 2.34315 2.3049 2.27007 2.28506 2.33154 2.53312 2.32445 2.24547 2.28116 2.29925 2.34752 2.30799 2.25919 1.90699 2.23477 2.27888 2.32027 2.35976 2.36721 2.30172 2.30907 2.29663 2.25622 1.80741 2.45382 2.3375 2.27668 2.3739 2.26092 2.24697 2.27244 2.36125 2.34754 2.278 2.26365 2.42263 1.91194 2.3448 1.89924 2.32219 2.43411 2.32027 2.28575 2.31629 2.37056 2.36575 2.39769 2.22943 2.37242 2.42487 2.37417 2.37992 2.29397 2.32802 2.29089 1.97448 2.33309 2.2715 2.29708 2.29791 2.25117 2.24336 2.33402 2.32697 2.28995 2.31643 2.34868 2.33449 2.31461 2.35354 1.92772 2.28311 2.31323 2.30565 2.31003 2.36361 2.30221 2.38792 2.32163 2.35116 2.32091 1.96003 2.29471 2.34477 2.36231 2.35618 2.36008 2.35047 1.87236 2.34236 2.35493 2.38745 2.33799 2.20184 1.79297 2.05781 2.17673 2.36581 2.25439 2.36631 2.26168 2.30792
1.91223 2.29947 2.25962 2.29206 2.35127 1.93424 2.46165 2.35599 2.27743 1.90978 1.93969 2.28928 2.2315 1.8116 1.87438 0 2.28774 2.41426 2.22887 2.32378 1.88065 2.30404 2.30494 2.26456 2.35581 2.29581 2.29291 2.35313 2.28693 2.00595 1.92836 2.24801 2.26277 2.50395 1.82993 2.32833 2.3365 2.30286 2.27545 2.37823 2.47265 2.26055 2.27386 2.26955 2.3355 2.40373 2.26936 2.22283 1.84679 2.3024 2.25415 2.36083 2.39861 2.35245 2.21904 2.3234 2.28291 2.22605 1.86761 2.39022 2.37544 2.25238 2.39598 2.27412 2.2568 2.28761 2.31534 2.35041 2.2615 2.25554 2.44206 1.92897 2.33686 1.86302 2.35633 2.36876 2.29176 2.24757 2.31567 2.36339 2.3936 2.39592 2.24313 2.36805 2.36291 2.38443 2.3472 2.24707 2.30187 2.23739 1.97559 2.30903 2.28888 2.25601 2.27918 2.23994 2.2165 2.3801 2.37291 2.27805 2.37347 2.38777 2.32381 2.33849 2.37065 1.98432 2.33945 2.33098 2.32032 2.28791 2.35926 2.30275 2.36299 2.37335 2.392 2.32593 1.94244 2.35133 2.35469 2.37008 2.35009 2.35667 2.39228 1.91071 2.41624 2.35129 2.36374 2.34317 2.20442 1.91447 1.95747 2.1909 2.34642 2.31748 2.26561 2.21283 2.33988
2.22758 2.05391 2.05396 2.089 2.24373 2.29609 2.29266 2.25039 2.25216 2.26895 2.27815 1.69115 2.27875 2.2559 2.29079 2.28774 0 2.3084 1.5374 1.97962 2.26966 1.64265 2.17904 2.22915 2.30668 2.17238 2.15828 1.91938 1.90768 2.23995 2.27891 1.92609 2.30712 2.42371 2.27231 1.97535 1.98458 2.25584 1.88973 2.24104 2.40172 2.12608 2.13982 1.60013 2.21522 2.21561 2.28759 1.60708 2.34319 2.15908 2.20493 2.26165 2.20198 2.22983 1.65823 2.289 2.1994 1.6392 2.29126 2.27334 2.13437 1.63513 2.23746 2.26542 2.14118 2.10785 2.25664 2.41685 1.70522 2.06835 2.29559 2.28142 2.27205 2.23262 1.65012 2.28623 1.70831 1.57582 1.50181 2.27754 2.30065 2.32086 2.14866 2.26145 2.28095 2.31782 2.30334 2.24465 2.20432 1.67918 2.30046 2.26004 2.26065 1.63156 1.98636 1.65052 1.6266 2.2706 2.24666 2.25984 2.25888 2.24968 2.24511 2.25418 2.23601 2.22509 2.23439 2.291 2.23662 2.20095 2.2711 2.26432 2.34538 2.20151 2.26786 2.22433 2.25144 2.15102 2.24317 2.26589 2.28108 2.29327 2.30539 2.19883 2.28634 2.21319 2.27052 2.30392 2.23923 2.27743 2.33205 2.27866 1.67072 2.20573 2.30346 1.64866 2.27638
2.31398 2.41448 2.35112 2.36756 1.48705 2.40277 2.25483 1.49943 2.50036 2.35405 2.34087 2.30361 2.41194 2.35852 2.39987 2.41426 2.3084 0 2.28327 2.34275 2.26382 2.28197 2.35368 2.31721 1.9381 2.29003 2.30183 2.32683 2.26904 2.36676 2.36335 2.30247 2.38227 2.40872 2.3574 2.41399 2.40655 2.33655 2.28218 1.55141 2.49069 2.35161 2.296 2.30999 1.51444 2.24584 2.37954 2.28757 2.3206 2.33125 2.33754 1.53252 2.24394 1.60234 2.24615 2.40435 2.35703 2.29475 2.31796 2.27977 2.37564 2.25102 2.21391 2.34956 2.4324 2.38581 2.38778 2.36614 2.31379 2.33849 1.84031 2.31484 1.68206 2.39323 2.28121 2.45341 2.32626 2.27519 2.28161 2.43393 1.66584 2.25561 2.45423 1.59228 2.45888 1.65103 1.55226 2.35397 2.34967 2.31248 2.34632 2.35789 2.32241 2.29433 2.37237 2.2757 2.25731 1.68985 1.51246 1.7234 1.85702 1.64777 1.56353 1.80517 1.80078 2.26637 1.8093 1.65817 1.60063 1.47566 1.66117 1.69602 1.66246 1.78022 1.59268 1.67848 2.18526 1.74181 1.6007 1.82928 1.58929 1.65171 1.76649 2.22513 1.57359 1.43963 1.6745 1.67337 2.30527 2.32497 2.26228 2.21426 2.2664 2.25723 2.43449 2.27066 1.5831
2.18722 2.06663 1.98022 2.10399 2.23008 2.29498 2.26029 2.2045 2.26201 2.23913 2.20541 1.45595 2.23892 2.15526 2.27116 2.22887 1.5374 2.28327 0 1.85077 2.18692 1.5772 2.20536 2.24542 2.30321 2.19182 2.18535 1.82761 1.85418 2.20597 2.26232 1.93296 2.25259 2.42802 2.23069 1.9638 1.82453 2.22535 1.79262 2.25677 2.44095 2.1116 2.0632 1.53808 2.23267 2.24304 2.272 1.53647 2.25934 2.06899 2.1987 2.26338 2.23099 2.27286 1.58337 2.24559 2.26067 1.46149 2.26977 2.29832 2.15179 1.56857 2.20796 2.23568 2.07656 2.06439 2.24635 2.4044 1.50271 2.01806 2.29627 2.20587 2.23205 2.20608 1.487 2.27988 1.56278 1.43105 1.41342 2.24361 2.29193 2.30047 2.0721 2.22344 2.27803 2.28887 2.26607 2.22142 2.17837 1.59659 2.23666 2.30795 2.27774 1.4515 1.78949 1.4348 1.50156 2.26359 2.20782 2.27783 2.21712 2.23971 2.22653 2.20304 2.22653 2.19918 2.23564 2.25049 2.19808 2.17558 2.24582 2.21154 2.3197 2.24508 2.21892 2.24307 2.25363 2.17716 2.23133 2.25528 2.22261 2.2362 2.28454 2.17318 2.2733 2.19886 2.2638 2.27257 2.22946 2.25522 2.25791 2.30844 1.61066 2.10434 2.3013 1.38009 2.23177
2.24001 2.08646 2.0207 2.21722 2.2836 2.2471 2.29347 2.3027 2.25558 2.28983 2.21987 1.94632 2.25452 2.31252 2.29501 2.32378 1.97962 2.34275 1.85077 0 2.18023 1.88991 2.1587 2.30431 2.35862 2.17168 2.2251 1.82378 2.13077 2.22011 2.24934 2.19879 2.29229 2.43198 2.26234 2.02169 1.89895 2.29269 1.90121 2.27416 2.42702 2.17687 2.07281 1.93314 2.26196 2.29144 2.31228 1.89379 2.26597 2.0734 2.26089 2.34385 2.28962 2.27477 1.95116 2.3097 2.24311 1.85765 2.26085 2.29051 2.14681 1.95223 2.31053 2.26295 2.12712 2.07947 2.30736 2.38058 1.91271 2.03761 2.31347 2.2339 2.29975 2.16303 2.00796 2.33501 1.95762 1.86818 1.91802 2.30532 2.35209 2.35191 2.09446 2.2953 2.34404 2.33351 2.27868 2.28565 2.24097 1.87881 2.23147 2.29065 2.30064 1.91947 1.53063 1.82953 1.8145 2.3156 2.27769 2.29477 2.2813 2.28304 2.29354 2.25492 2.24092 2.22755 2.29827 2.26617 2.29311 2.2335 2.32243 2.28512 2.28974 2.27638 2.30633 2.22989 2.25994 2.26565 2.29164 2.31722 2.27808 2.28194 2.33998 2.22352 2.30336 2.29289 2.34414 2.31728 2.22994 2.27139 2.27839 2.2651 1.98963 2.07941 2.33986 1.80967 2.20349
1.50991 2.17847 2.20838 2.19591 2.18477 1.75788 2.33713 2.20542 2.2029 1.95798 1.56699 2.22011 2.13126 1.56028 1.78301 1.88065 2.26966 2.26382 2.18692 2.18023 0 2.157 2.23209 2.1545 2.24839 2.19803 2.17849 2.25721 2.21408 1.8303 1.7418 2.17681 2.16652 2.4897 1.70724 2.26939 2.27786 2.19426 2.15979 2.22557 2.50747 2.2009 2.12236 2.20053 2.25816 2.31847 2.16947 2.21779 1.72896 2.22416 2.13569 2.24944 2.32048 2.3013 2.18943 2.141 2.22862 2.12298 1.72585 2.40303 2.24231 2.19376 2.29274 2.17965 2.21531 2.23503 2.29733 2.34019 2.1638 2.2215 2.32893 1.4061 2.27224 1.66222 2.2389 2.38182 2.20306 2.1436 2.2563 2.29898 2.24742 2.34838 2.22832 2.25294 2.379 2.28473 2.25392 2.23282 2.18784 2.18047 1.80413 2.25923 2.20563 2.22062 2.24394 2.18589 2.15829 2.24788 2.22718 2.27971 2.24505 2.3248 2.20106 2.23369 2.21634 1.64183 2.15391 2.20002 2.23992 2.19216 2.24013 2.19882 2.26088 2.27797 2.28954 2.22531 1.87981 2.1961 2.26236 2.26611 2.26511 2.23334 2.19949 1.55902 2.2134 2.24565 2.28635 2.22627 2.19289 1.73557 2.00054 2.10421 2.27734 2.11368 2.30658 2.16854 2.20335
2.20421 2.0657 2.01378 2.0965 2.24299 2.2285 2.23787 2.24267 2.20574 2.23422 2.21561 1.68781 2.29599 2.24439 2.24829 2.30404 1.64265 2.28197 1.5772 1.88991 2.157 0 2.16302 2.24476 2.29187 2.12118 2.12515 1.84748 1.91037 2.24231 2.27087 1.90831 2.29725 2.39456 2.20561 2.02911 1.92651 2.22155 1.88798 2.28802 2.44751 2.07626 2.06425 1.56612 2.28207 2.23904 2.34339 1.56728 2.25657 2.08563 2.23294 2.30455 2.22327 2.22289 1.58972 2.26197 2.17078 1.52478 2.26112 2.26085 2.17495 1.7033 2.22307 2.24247 2.08779 2.10401 2.24305 2.38686 1.62223 2.02605 2.32325 2.21335 2.2888 2.22116 1.66729 2.30499 1.58749 1.51489 1.59325 2.28372 2.26978 2.31831 2.11424 2.26914 2.30275 2.29976 2.26874 2.23955 2.19092 1.67088 2.25341 2.30413 2.26599 1.61083 1.91004 1.4785 1.61328 2.25283 2.20866 2.30004 2.23075 2.28722 2.23108 2.24034 2.21217 2.2268 2.20961 2.21652 2.26948 2.15482 2.22878 2.25623 2.31085 2.23395 2.30423 2.20998 2.22678 2.23258 2.22069 2.25108 2.2855 2.32753 2.27853 2.17964 2.26746 2.23139 2.27479 2.30604 2.2396 2.28412 2.3147 2.28385 1.69346 2.23989 2.32972 1.52606 2.29228
2.25198 2.25964 2.29561 1.86842 2.32148 2.30066 2.31689 2.38636 2.27211 2.28179 2.2532 2.19489 2.23072 2.18606 2.29616 2.30494 2.17904 2.35368 2.20536 2.1587 2.23209 2.16302 0 2.20276 2.3105 2.1348 1.89695 2.24393 2.17303 2.24551 2.18291 2.16882 2.28869 2.38409 2.2369 2.20053 2.05927 2.27667 2.13303 2.31942 2.45881 1.88954 1.79628 2.19785 2.34883 2.27792 2.29167 2.16484 2.23142 2.27814 2.28483 2.31316 2.29795 2.27865 2.18987 2.27865 2.21591 2.13884 2.27196 2.29467 2.2427 2.15019 2.2476 1.98021 2.25393 2.25916 2.28169 2.38111 2.11759 2.21411 2.3652 2.19062 2.22847 2.20946 2.2527 2.29684 2.18106 2.07972 2.13766 2.28963 2.28174 2.29816 2.2154 2.32985 2.31742 2.33072 2.30247 2.25495 2.16875 2.15839 2.29506 2.22758 2.21925 2.18068 2.16767 2.15293 2.14303 2.29836 2.28049 2.31106 2.27991 2.30922 2.31831 2.22455 2.26603 2.16262 2.30797 2.25599 2.30106 2.2598 2.23851 2.27722 2.33152 2.25675 2.30854 2.32275 2.22778 2.26881 2.26666 2.32646 2.31393 2.31855 2.26631 2.20665 2.3229 2.26821 2.29724 2.30793 2.24322 2.21425 2.2463 2.23102 2.17693 1.84734 2.32267 2.14013 2.31268
2.1745 2.39873 2.33335 2.20092 2.3042 2.18337 2.3542 2.3275 2.36381 2.2636 2.21944 2.29161 2.25555 2.22762 2.23787 2.26456 2.22915 2.31721 2.24542 2.30431 2.1545 2.24476 2.20276 0 2.34638 2.20979 2.23251 2.29077 2.21929 2.25921 2.21981 2.25032 1.81631 2.36693 2.3095 2.30084 2.31564 1.90328 2.21855 2.32084 2.42995 2.23283 2.17615 2.26571 2.33112 2.32975 2.01821 2.27042 2.19893 2.39393 1.75108 2.28935 2.27795 2.37782 2.28775 1.83937 2.19944 2.24666 2.22872 2.12867 2.28013 2.26693 2.28217 2.154 2.40675 2.38011 1.99157 2.30904 2.22142 2.39895 2.37911 2.20337 2.32378 2.20555 2.32789 2.30328 2.33938 2.2725 2.26325 2.33971 2.34552 2.08704 2.40512 2.32364 2.30539 2.31517 2.31014 1.63562 1.8846 2.25712 2.25306 1.67826 1.43256 2.26876 2.30292 2.27409 2.21798 2.32376 2.32511 2.40894 2.28826 2.31702 2.38449 2.27533 2.35864 2.24149 2.34401 2.28282 2.33021 2.29389 2.34072 2.30339 2.34273 2.32477 2.31125 2.33258 2.1687 2.31952 2.36733 2.34846 2.33235 2.29824 2.3025 2.19155 2.36108 2.31625 2.36384 2.32298 2.29815 2.23086 2.23611 2.28545 2.35103 2.22805 2.29257 2.27199 2.30089
2.25669 2.37354 2.37728 2.28121 1.78366 2.34814 2.15517 1.77008 2.4133 2.35407 2.31499 2.3217 2.36851 2.32418 2.34666 2.35581 2.30668 1.9381 2.30321 2.35862 2.24839 2.29187 2.3105 2.34638 0 2.3409 2.28437 2.33545 2.3193 2.28915 2.33151 2.28947 2.33353 2.41242 2.35027 2.3485 2.30751 2.31367 2.27454 1.8154 2.45299 2.28859 2.30153 2.28858 1.79874 2.13075 2.35429 2.27136 2.26926 2.34948 2.30364 1.88677 2.10807 1.80225 2.2329 2.34341 2.25437 2.21521 2.31608 2.26833 2.32337 2.30215 2.05326 2.28051 2.35654 2.40864 2.35608 2.36762 2.25278 2.33971 2.04553 2.25344 1.82501 2.28199 2.323 2.39363 2.3093 2.24624 2.30954 2.39704 1.85768 2.08864 2.38615 1.90842 2.39779 1.89949 1.8155 2.32427 2.31044 2.33029 2.24331 2.30859 2.30777 2.28836 2.32606 2.26575 2.24966 1.89236 1.86726 1.92518 1.79732 1.86353 1.91208 1.72145 1.89825 2.26265 1.82935 1.78297 1.85286 1.79861 1.82805 1.76775 1.85059 1.88544 1.78157 1.90789 2.26172 1.90966 1.83169 1.88739 1.80271 1.83055 1.75702 2.20173 1.83676 1.82527 1.83644 1.81827 2.34334 2.24764 2.19912 2.29621 2.25417 2.25744 2.39308 2.22711 1.83358
2.16046 2.28977 2.28602 2.09963 2.27071 2.31331 2.28672 2.2881 2.29589 2.22889 2.18599 2.2004 2.1092 2.20907 2.2627 2.29581 2.17238 2.29003 2.19182 2.17168 2.19803 2.12118 2.1348 2.20979 2.3409 0 2.11355 2.20722 1.97231 2.25459 2.2286 2.21087 2.10503 2.32845 2.23936 2.26671 2.24368 2.15407 1.85541 2.29921 2.39183 2.03913 2.01933 2.17962 2.27147 2.30059 2.19519 2.16134 2.2998 2.35518 2.1335 2.31509 2.28543 2.33466 2.16326 2.10905 2.12539 2.14748 2.27344 2.26266 1.98021 2.21886 2.24124 2.20033 2.2857 2.31677 2.1957 2.4244 2.10307 2.27163 2.35269 2.20515 2.28718 2.21656 2.18345 2.28419 2.17449 2.10076 2.19535 2.24204 2.30594 2.32678 2.28594 2.31496 2.28216 2.32113 2.29879 2.07199 2.08592 2.16926 2.19319 2.11526 2.14496 2.1012 2.17507 2.12502 2.08363 2.34884 2.30104 2.28419 2.30649 2.29987 2.36176 2.33045 2.30282 2.17152 2.35716 2.29801 2.26875 2.25599 2.28214 2.32207 2.35228 2.33279 2.32457 2.27025 2.21614 2.31348 2.3418 2.35995 2.30108 2.29851 2.28278 2.19376 2.3005 2.27852 2.3061 2.28878 2.29903 2.26127 2.29234 2.31609 2.17498 1.88888 2.28541 2.16899 2.25397
2.20266 2.2909 2.29445 1.58995 2.25771 2.29853 2.32763 2.26722 2.30027 2.29224 2.21048 2.14837 2.2484 2.16325 2.28287 2.29291 2.15828 2.30183 2.18535 2.2251 2.17849 2.12515 1.89695 2.23251 2.28437 2.11355 0 2.18206 2.10283 2.24935 2.22591 2.13499 2.22129 2.38443 2.19759 2.21596 2.06296 2.26377 2.14594 2.21748 2.41338 1.4629 1.55273 2.12228 2.23864 2.25558 2.25438 2.04475 2.23206 2.28669 2.17956 2.25615 2.25718 2.26566 2.16493 2.21461 2.20814 2.1481 2.23409 2.32207 2.11951 2.17842 2.23308 1.8968 2.30344 2.24403 2.22759 2.41342 2.12105 2.23651 2.34165 2.18423 2.18208 2.17031 2.15783 2.25915 2.13275 2.05615 2.09051 2.2194 2.21399 2.3351 2.26608 2.25482 2.26838 2.26588 2.22955 2.2128 2.19167 2.13526 2.21559 2.2408 2.17282 2.10281 2.14046 2.09981 2.11156 2.2696 2.27621 2.27338 2.30373 2.29545 2.29852 2.25081 2.29505 2.12088 2.26976 2.30523 2.29019 2.23721 2.25237 2.25843 2.2983 2.31919 2.22862 2.28355 2.18014 2.26139 2.25873 2.3401 2.23781 2.29011 2.21737 2.15629 2.22134 2.26438 2.25915 2.29489 2.20604 2.23364 2.24439 2.24518 2.18545 1.77267 2.25885 2.10251 2.25609
2.29143 2.11143 2.07123 2.16405 2.33026 2.34325 2.31898 2.32994 2.30869 2.3236 2.29472 1.90039 2.36312 2.33183 2.34157 2.35313 1.91938 2.32683 1.82761 1.82378 2.25721 1.84748 2.24393 2.29077 2.33545 2.20722 2.18206 0 2.07169 2.29278 2.35316 2.15685 2.39063 2.44254 2.30473 1.85529 1.83144 2.27962 1.93084 2.33872 2.40989 2.13894 2.16482 1.90353 2.29666 2.28954 2.3031 1.91367 2.31672 2.108 2.23139 2.34364 2.2996 2.32373 1.90991 2.30121 2.26408 1.94766 2.34411 2.3544 1.78681 1.9904 2.24839 2.2182 2.15432 2.08442 2.304 2.4401 1.79633 2.04805 2.3593 2.28509 2.30827 2.28051 1.95466 2.28269 1.91703 1.88027 1.82738 2.30921 2.34025 2.34548 2.14158 2.30863 2.29377 2.32432 2.32541 2.29825 2.23544 1.89463 2.31268 2.28736 2.31267 1.86874 1.80107 1.8959 1.87498 2.36754 2.27211 2.32257 2.26496 2.29592 2.33394 2.21388 2.29955 2.28021 2.31168 2.29014 2.28106 2.2525 2.3026 2.27719 2.3766 2.30442 2.31996 2.28016 2.25862 2.29723 2.29855 2.31933 2.29848 2.3507 2.31863 2.22856 2.32162 2.30626 2.31186 2.33303 2.27405 2.35421 2.40201 2.35548 1.89138 2.22976 2.2843 1.83868 2.34726
2.20197 2.29743 2.24816 2.12471 2.25039 2.29615 2.32331 2.26319 2.26585 2.2606 2.20217 1.85153 2.07976 2.25928 2.33599 2.28693 1.90768 2.26904 1.85418 2.13077 2.21408 1.91037 2.17303 2.21929 2.3193 1.97231 2.10283 2.07169 0 2.24234 2.27535 1.7989 2.20713 2.37847 2.22076 2.13898 2.18026 2.22494 2.16867 2.26634 2.43192 2.08018 2.03899 1.78972 2.24153 2.26622 2.19964 1.88398 2.31726 2.27996 2.19362 2.31998 2.31435 2.26669 1.74361 2.20334 2.21984 1.89572 2.29094 2.25634 1.87752 1.96915 2.2419 2.17053 2.28882 2.30082 2.21337 2.37817 1.84596 2.26539 2.31162 2.19656 2.25403 2.2495 1.81212 2.29392 1.69134 1.90342 1.86331 2.2429 2.28007 2.30052 2.32432 2.26943 2.29433 2.27253 2.29151 2.16934 2.14649 1.90323 2.26357 2.25616 2.18681 1.79178 2.14026 1.88181 1.85684 2.29715 2.23793 2.21532 2.28954 2.30137 2.28896 2.28774 2.28511 2.16017 2.27714 2.28926 2.23949 2.23369 2.29662 2.27532 2.32871 2.28631 2.27526 2.2459 2.21921 2.25791 2.27877 2.30742 2.25654 2.26801 2.27001 2.20127 2.28879 2.25473 2.27686 2.29595 2.23166 2.21597 2.24585 2.23837 1.90217 1.89332 2.25095 1.878 2.22997
1.78826 2.20525 2.21794 2.30656 2.28396 1.82693 2.43345 2.33539 2.26155 2.01502 1.90568 2.26484 2.12579 1.81202 1.86938 2.00595 2.23995 2.36676 2.20597 2.22011 1.8303 2.24231 2.24551 2.25921 2.28915 2.25459 2.24935 2.29278 2.24234 0 1.89912 2.22892 2.23653 2.4048 1.94355 2.32938 2.26239 2.22654 2.24032 2.25746 2.51475 2.26318 2.18863 2.24234 2.23 2.32017 2.23412 2.21854 1.80931 2.22105 2.21367 2.25329 2.33757 2.28462 2.21056 2.26303 2.21739 2.18607 1.8986 2.38245 2.24385 2.24976 2.34977 2.20112 2.15306 2.17394 2.29849 2.28713 2.14884 2.1936 2.39189 1.81219 2.22802 1.76225 2.23381 2.37333 2.26523 2.23596 2.22669 2.29357 2.31484 2.32214 2.18455 2.30752 2.38396 2.32811 2.32861 2.22067 2.23821 2.23044 1.84906 2.23057 2.20811 2.23565 2.20149 2.21225 2.1866 2.29296 2.25888 2.2518 2.22171 2.29812 2.29999 2.27131 2.26888 1.87411 2.244 2.22152 2.23849 2.20158 2.28563 2.17678 2.29605 2.23552 2.25916 2.21051 1.93792 2.22383 2.25685 2.29995 2.27304 2.31352 2.26265 1.81024 2.24597 2.25039 2.33307 2.24268 2.16268 1.824 1.99178 2.06169 2.28921 2.11588 2.36127 2.20952 2.20068
1.86474 2.22203 2.20145 2.21568 2.32875 1.77764 2.36844 2.33872 2.25613 1.96416 1.76719 2.30679 2.15094 1.74291 1.91426 1.92836 2.27891 2.36335 2.26232 2.24934 1.7418 2.27087 2.18291 2.21981 2.33151 2.2286 2.22591 2.35316 2.27535 1.89912 0 2.25127 2.27481 2.46235 1.9078 2.37067 2.35179 2.26969 2.28036 2.36902 2.47722 2.23649 2.24648 2.34156 2.35936 2.35692 2.29428 2.28033 1.73906 2.2683 2.23167 2.36291 2.34023 2.33728 2.35375 2.27902 2.31984 2.26559 1.8622 2.4007 2.30272 2.27345 2.3786 2.24831 2.22055 2.24877 2.36521 2.34178 2.29146 2.23901 2.39988 1.69975 2.34941 1.80955 2.30993 2.38488 2.32229 2.26756 2.34359 2.36038 2.37398 2.40451 2.23296 2.36985 2.38782 2.357 2.34818 2.28098 2.26755 2.27236 1.92096 2.32234 2.26237 2.3168 2.34127 2.26657 2.26867 2.36032 2.32485 2.29398 2.31108 2.37567 2.3604 2.33059 2.35706 1.87458 2.31866 2.3242 2.32977 2.28698 2.34961 2.28725 2.38385 2.31496 2.37476 2.29433 1.91224 2.28649 2.29563 2.36326 2.34134 2.36605 2.36129 1.83735 2.34921 2.33867 2.354 2.35811 2.10921 1.69923 2.00948 2.06131 2.29564 2.17161 2.35638 2.28558 2.268
2.21622 2.29743 2.27786 2.12536 2.24274 2.22711 2.30563 2.27972 2.2917 2.2499 2.16736 1.90707 2.23133 2.20215 2.26791 2.24801 1.92609 2.30247 1.93296 2.19879 2.17681 1.90831 2.16882 2.25032 2.28947 2.21087 2.13499 2.15685 1.7989 2.22892 2.25127 0 2.23543 2.39338 2.25895 2.25396 2.23523 2.2269 2.20605 2.28901 2.44411 2.17179 2.13557 1.92176 2.29969 2.27249 2.18835 1.95759 2.22741 2.34521 2.17085 2.30803 2.25217 2.30776 1.87089 2.20672 2.20235 1.94887 2.21253 2.32991 2.16029 1.97828 2.28209 2.10083 2.28256 2.32767 2.25547 2.40027 1.89184 2.27378 2.36021 2.16869 2.27847 2.22444 1.89784 2.2612 1.77719 1.91408 1.94153 2.2469 2.34356 2.32349 2.2935 2.29444 2.26757 2.30144 2.29811 2.18974 2.22084 2.01431 2.27427 2.23555 2.20944 1.88994 2.18739 1.9913 1.98582 2.31887 2.26021 2.27516 2.27413 2.30648 2.32592 2.25766 2.28089 2.20058 2.31141 2.29306 2.2848 2.23925 2.29611 2.27293 2.35654 2.2861 2.30798 2.28078 2.18864 2.23809 2.25177 2.30449 2.27033 2.31823 2.29504 2.17405 2.31558 2.26409 2.2888 2.27899 2.15319 2.26928 2.25463 2.21303 1.92912 2.18993 2.28455 1.90838 2.19866
2.20417 2.4081 2.41737 2.29878 2.34732 2.24166 2.32782 2.35112 2.38754 2.30233 2.1902 2.30035 2.27201 2.19054 2.29003 2.26277 2.30712 2.38227 2.25259 2.29229 2.16652 2.29725 2.28869 1.81631 2.33353 2.10503 2.22129 2.39063 2.20713 2.23653 2.27481 2.23543 0 2.46315 2.25932 2.32467 2.37921 1.67022 2.34027 2.33651 2.44617 2.27302 2.25341 2.32353 2.3262 2.29287 1.80763 2.27124 2.1986 2.37146 1.65093 2.36407 2.34243 2.333 2.30743 1.6179 2.20164 2.23772 2.28845 2.11339 2.26801 2.34563 2.30761 1.9989 2.39429 2.36558 1.95215 2.39745 2.27736 2.39067 2.41255 2.16084 2.35587 2.26714 2.3747 2.24487 2.36183 2.31774 2.36047 2.2908 2.38021 2.10998 2.36646 2.36801 2.26578 2.33271 2.36741 1.94033 1.71767 2.26054 2.29167 1.86479 1.84938 2.29547 2.28899 2.31303 2.29877 2.31629 2.34819 2.36436 2.30244 2.31362 2.37229 2.28779 2.35573 2.22001 2.34054 2.30244 2.33746 2.31063 2.34321 2.41206 2.33971 2.37446 2.34206 2.33751 2.16769 2.35054 2.35029 2.35957 2.37447 2.31453 2.32284 2.16062 2.39771 2.36115 2.32965 2.33407 2.28932 2.26986 2.22754 2.3034 2.33759 2.22804 2.23249 2.29374 2.36054
2.51343 2.41506 2.45066 2.42202 2.39261 2.43595 2.08341 2.43502 2.42499 2.49949 2.49132 2.47131 2.48111 2.49532 2.49916 2.50395 2.42371 2.40872 2.42802 2.43198 2.4897 2.39456 2.38409 2.36693 2.41242 2.32845 2.38443 2.44254 2.37847 2.4048 2.46235 2.39338 2.46315 0 2.52745 2.48257 2.46996 2.34402 2.32961 2.37071 2.31086 2.37587 2.39376 2.37521 2.37961 1.92654 2.33211 2.34551 2.40873 2.44312 2.30376 2.39461 1.95769 2.40195 2.34693 2.4326 2.08294 2.3345 2.51639 2.15091 2.4311 2.4134 2.13216 2.43289 2.49853 2.41901 2.45008 2.42484 2.34398 2.46465 2.43342 2.49821 2.39229 2.50795 2.42329 2.17356 2.40417 2.35045 2.37505 2.25489 2.4076 2.31585 2.48128 2.37891 2.19543 2.40472 2.4042 2.33629 2.28346 2.33079 2.52901 2.33683 2.32939 2.36734 2.40616 2.37242 2.35653 2.42337 2.38228 2.43464 2.44273 2.41579 2.43438 2.32209 2.41537 2.46779 2.37864 2.38201 2.40562 2.36612 2.3676 2.33176 2.39511 2.38824 2.41439 2.42437 2.37166 2.40055 2.39453 2.37834 2.40589 2.44073 2.40762 2.50002 2.41134 2.42584 2.39686 2.39576 2.39359 2.41175 2.5054 2.43428 2.3764 2.3779 2.45416 2.34138 2.45058
1.72595 2.26261 2.2708 2.17371 2.34366 1.90152 2.40527 2.32157 2.27613 1.77138 1.73348 2.26447 2.21025 1.63626 1.92006 1.82993 2.27231 2.3574 2.23069 2.26234 1.70724 2.20561 2.2369 2.3095 2.35027 2.23936 2.19759 2.30473 2.22076 1.94355 1.9078 2.25895 2.25932 2.52745 0 2.32505 2.28619 2.28904 2.25377 2.34098 2.5586 2.23051 2.18085 2.23558 2.33269 2.40317 2.29071 2.26411 1.92907 2.25893 2.23823 2.32757 2.40349 2.36393 2.24006 2.25637 2.33342 2.24996 1.90761 2.46252 2.27145 2.21397 2.3837 2.25 2.23008 2.24435 2.28452 2.37474 2.19214 2.23804 2.43302 1.74553 2.31948 1.96923 2.29879 2.36366 2.26919 2.26363 2.28192 2.33912 2.35115 2.40413 2.23814 2.3484 2.36191 2.37226 2.37864 2.25725 2.20693 2.23565 1.82192 2.27135 2.29668 2.28076 2.24246 2.23111 2.21895 2.36168 2.36062 2.30917 2.37194 2.36616 2.34992 2.3389 2.39294 1.68938 2.34025 2.37187 2.36898 2.32599 2.35024 2.3424 2.3993 2.39412 2.3811 2.33805 1.97709 2.3572 2.36363 2.37956 2.37579 2.39143 2.35252 1.71427 2.35542 2.35247 2.34942 2.37306 2.24051 1.94953 1.98244 2.13619 2.25599 2.17101 2.40387 2.26311 2.30313
2.3227 2.07307 2.09313 2.13902 2.33108 2.33382 2.35866 2.31596 2.35961 2.34345 2.24533 1.99285 2.32161 2.3274 2.34315 2.32833 1.97535 2.41399 1.9638 2.02169 2.26939 2.02911 2.20053 2.30084 2.3485 2.26671 2.21596 1.85529 2.13898 2.32938 2.37067 2.25396 2.32467 2.48257 2.32505 0 1.96671 2.31212 2.04901 2.31276 2.4439 2.12898 2.1606 2.00871 2.31689 2.31433 2.33451 1.9724 2.27023 2.16947 2.27772 2.35424 2.32424 2.28981 1.95362 2.33025 2.28267 2.04053 2.30555 2.31557 2.17507 2.02321 2.25564 2.19679 2.13916 2.16091 2.31882 2.44299 1.87148 2.0552 2.31427 2.22995 2.29969 2.27591 1.99561 2.34377 1.97678 1.91503 2.01033 2.29042 2.3122 2.31965 2.17411 2.31669 2.36239 2.31685 2.29102 2.32329 2.23785 1.97159 2.30649 2.29017 2.25756 1.94757 1.89135 1.9495 1.94712 2.32678 2.31628 2.3565 2.31117 2.30404 2.37444 2.29314 2.31428 2.26491 2.31012 2.3429 2.31869 2.30676 2.32897 2.31209 2.37202 2.31781 2.31396 2.31465 2.29029 2.31006 2.3166 2.3717 2.33533 2.35015 2.3662 2.2459 2.33251 2.32785 2.34188 2.35367 2.27152 2.34833 2.35303 2.31686 1.9738 2.10866 2.31332 1.99292 2.25005
2.27447 2.07955 1.98701 2.03858 2.29531 2.30227 2.38984 2.29989 2.31871 2.34433 2.32607 1.97082 2.37911 2.29793 2.3049 2.3365 1.98458 2.40655 1.82453 1.89895 2.27786 1.92651 2.05927 2.31564 2.30751 2.24368 2.06296 1.83144 2.18026 2.26239 2.35179 2.23523 2.37921 2.46996 2.28619 1.96671 0 2.30208 1.90356 2.26729 2.54449 1.97939 1.8574 1.83637 2.25654 2.27861 2.35005 1.94283 2.29208 2.14491 2.26451 2.26717 2.31255 2.24616 1.90548 2.3203 2.26746 1.95751 2.25346 2.37388 2.22793 1.92132 2.26781 2.09953 2.15659 2.03443 2.31688 2.37798 1.85038 2.03051 2.3012 2.22368 2.25753 2.24021 2.00458 2.35484 1.93825 1.9024 1.92872 2.32598 2.26619 2.333 2.13486 2.26728 2.36081 2.26218 2.2655 2.30416 2.22614 1.9064 2.30315 2.28947 2.27356 1.86873 1.77142 1.903 1.78432 2.24227 2.19999 2.24899 2.22764 2.23062 2.26991 2.19715 2.2578 2.21657 2.24232 2.2444 2.22642 2.18346 2.19369 2.24416 2.27831 2.24652 2.27947 2.19448 2.23255 2.20893 2.24947 2.28621 2.30366 2.30553 2.24359 2.17518 2.23872 2.2429 2.23724 2.27777 2.26384 2.29839 2.38107 2.29106 1.91219 2.04328 2.31494 1.8479 2.29873
