0 52.5641 54.4227 51.0835 52.8345 42.7171 56.2239 53.432 53.0729 44.9921 37.1493 54.9352 49.5294 34.1059 39.8381 44.6583 54.9878 52.1936 53.605 56.5044 34.7864 54.4678 53.705 56.3305 55.5488 52.175 51.0379 55.3825 54.1226 42.2336 38.919 56.1332 54.1135 58.1759 38.5566 56.0789 53.0406 52.6423 50.4714 54.1331 59.1566 52.1918 51.9094 54.6807 54.5789 56.9345 51.8585 55.3524 40.9784 55.6141 53.6643 54.8825 58.9018 56.1463 55.8723 52.9778 52.5368 55.8564 39.3842 59.7067 52.4952 53.7794 57.8491 54.6454 52.9211 54.0143 53.3551 55.3902 55.2847 51.4363 55.2566 34.0226 52.9388 34.7499 54.9017 56.4951 55.7126 55.174 55.0348 54.8548 52.4917 59.8411 51.5492 54.1798 57.3174 52.9338 53.7605 55.1098 54.3831 55.6439 35.8193 52.4041 55.2443 56.4455 53.8402 54.5395 53.4615 54.0157 53.0645 55.1335 54.7327 53.4085 55.1512 53.6674 55.1865 35.997 56.7873 52.1042 52.7395 52.4518 52.5617 52.9577 53.8474 55.822 54.0589 53.957 44.2129 55.8637 54.0305 55.019 52.776 53.9454 54.2238 35.397 53.1109 51.7661 51.1667 54.3123 50.0278 40.3928 48.8918 53.1037 53.8614 49.6838 52.1054 53.9132 54.2186
52.5641 0 38.9669 54.9758 54.5352 53.7588 54.8752 53.4927 47.2035 53.8473 52.478 49.7898 45.378 51.6733 54.0131 53.409 49.6369 55.0358 49.8057 50.0812 51.3247 49.431 53.9446 57.4991 56.2562 53.5641 52.9413 50.0901 54.9149 51.088 52.0112 56.4013 55.3204 58.4224 53.1083 47.7145 49.4627 58.8054 48.5076 53.9366 56.3985 54.1988 54.9625 50.838 54.782 55.6109 55.8344 50.108 55.1955 37.3237 56.8285 54.5587 56.7495 56.3563 48.2613 56.767 59.0514 51.212 53.9083 59.2443 54.8035 51.7764 59.0847 56.0812 39.6152 36.1967 57.1216 48.2464 49.2728 35.9169 56.9317 53.4345 54.0999 51.7708 50.2207 55.401 49.2907 48.9336 52.8199 59.5118 54.4816 59.9069 37.2949 55.3833 56.7866 54.5566 54.6587 56.937 55.8882 50.8868 54.3852 55.6028 57.1853 49.1074 50.1023 49.2218 48.2286 54.1173 54.589 53.8832 55.1225 53.4723 53.5409 55.6918 53.2698 52.5014 55.5749 53.0354 52.4476 51.4507 53.8469 53.9512 53.718 54.3435 53.7358 53.6196 55.6703 55.0149 51.9058 54.6895 53.4429 54.4253 54.8444 53.269 52.4825 53.2102 53.8331 55.347 50.2277 51.8331 55.75 48.9604 52.1755 53.5696 54.5996 49.7492 54.6929
54.4227 38.9669 0 55.7838 53.1543 52.3801 52.5745 52.3366 46.3554 52.2684 55.3658 48.9918 43.8176 51.2089 51.4467 54.8937 47.1998 52.5433 48.9879 48.7781 52.3462 49.126 56.0254 54.8864 54.7542 54.7341 51.7233 49.5058 55.8095 50.3982 51.138 56.2675 55.2654 57.7259 52.9378 47.271 47.4887 57.7299 46.4816 53.4437 57.1349 54.8474 54.4199 49.3679 52.8338 53.4709 56.239 49.0256 54.6729 38.4796 55.3367 52.6141 55.5009 55.6489 50.2698 55.831 55.3904 51.3893 53.2586 56.9036 54.2828 50.2713 57.4257 57.9352 38.1711 35.1305 55.1857 46.856 48.4608 37.2054 54.8425 50.4575 54.2895 50.5958 51.0019 53.6449 50.9316 48.8901 50.7445 57.0367 53.4238 57.633 34.2029 52.9107 54.8201 52.3172 54.4965 55.5429 55.1358 49.5185 51.7015 52.9509 55.5305 50.9803 48.1202 50.7713 50.0192 52.5795 53.1646 52.19 53.2189 51.5619 52.4442 53.5251 52.688 54.3066 54.4454 52.7786 52.4052 51.1676 52.5196 53.6019 54.4915 54.2402 53.2713 51.3482 54.2402 54.2031 52.0259 53.0209 52.3822 52.5654 53.4989 51.4821 51.5197 51.9354 52.8839 54.1751 47.4518 52.411 54.734 47.544 49.0034 51.368 55.844 49.9484 49.8752
51.0835 54.9758 55.7838 0 53.436 54.963 54.8809 53.5685 55.2893 55.5686 52.6438 49.6473 51.9861 51.0203 55.4155 55.2801 50.3695 53.5499 53.239 52.455 48.9947 52.7198 44.7246 55.9945 59.0158 48.6411 34.2041 50.7321 47.5354 53.6481 53.1108 53.6903 52.1702 57.2332 52.3428 50.8259 48.38 54.1496 52.3379 54.4408 55.4253 37.4733 34.581 50.1368 54.0039 55.7376 52.421 52.7897 54.5585 55.9689 56.8474 53.7786 56.1896 57.1535 50.6847 52.733 56.0102 54.4659 53.2847 57.2328 48.5372 53.6755 56.906 41.4224 55.8597 54.4571 53.6002 55.8592 54.9815 55.1561 55.3381 52.103 52.6543 52.8685 50.3083 53.741 51.6459 52.2687 52.3119 53.554 54.6532 59.402 54.0892 53.7502 54.7147 53.454 55.4374 55.3214 53.9402 53.1588 52.424 54.1049 56.2 50.1028 50.8906 52.8193 51.8349 52.9692 53.7942 55.7982 55.9791 53.1226 55.7882 57.186 55.7004 52.4416 57.7068 53.6994 53.2233 53.3191 53.8001 55.5695 55.0159 57.3375 55.7413 53.7467 56.0409 57.475 52.5493 56.987 54.1042 53.4902 55.0118 52.0501 55.3116 54.0161 54.0651 54.9895 54.269 58.3709 57.3878 55.9236 53.6486 41.5164 49.7234 53.3861 53.8572
52.8345 54.5352 53.1543 53.436 0 51.8973 48.4145 24.3178 56.7972 53.4056 55.8804 52.0063 52.1063 52.8521 53.1874 53.1296 54.2788 29.7615 53.3384 52.6422 51.949 53.5429 53.5672 56.5759 39.701 51.8299 51.0398 53.9642 53.7053 51.4341 53.526 54.6697 54.9713 55.5075 54.8499 55.4305 53.7321 56.6531 53.7608 28.9631 52.9847 52.8042 54.2519 54.4695 30.4652 49.1329 55.2917 52.7439 54.3534 52.3986 55.9641 33.4815 48.6337 32.9322 52.5107 56.8388 55.8858 52.886 52.9233 52.9178 53.9763 53.4061 50.1988 55.1028 55.4535 54.7677 56.4233 53.5232 54.1281 53.9261 37.4345 53.2129 28.8613 52.1423 53.5408 54.7187 52.8183 53.3609 53.5108 57.2116 30.2366 50.0565 54.094 29.7277 55.1161 26.2048 29.2044 56.5839 56.7715 53.8278 54.3903 54.5705 57.8807 53.9264 51.2376 52.5539 53.7017 34.9407 28.6331 31.4582 36.2523 27.8622 30.3507 39.8224 37.4462 51.8522 40.577 30.7022 29.0551 25.8378 30.4708 33.9674 33.1871 36.4958 28.8692 29.9568 53.2034 35.5292 31.5138 35.6607 27.6314 29.1211 34.7518 52.8293 30.0141 25.3165 30.5237 28.6044 53.4484 52.938 54.316 54.8956 54.7975 50.9143 50.7945 53.0995 27.1909
42.7171 53.7588 52.3801 54.963 51.8973 0 56.5278 51.0647 53.6102 44.0664 39.3067 53.4125 51.287 38.9361 40.3357 43.5387 54.047 52.4835 54.4912 55.4508 41.8517 54.6558 52.6234 55.529 55.5224 53.4183 50.0083 53.2886 52.6389 40.4722 39.3544 54.8318 53.0327 57.6907 41.2874 54.7192 54.6871 54.1131 51.2688 52.0422 58.7074 51.8469 53.1545 54.0163 53.1231 55.9747 52.1177 53.6913 42.2471 53.9495 55.2365 53.3002 58.124 54.5645 52.9099 54.8406 51.5413 54.6262 37.8637 58.8146 52.4608 54.6622 57.9961 52.9466 53.7617 53.5222 51.962 55.4866 54.7013 54.3853 55.0528 41.3863 52.9768 37.511 54.1383 54.5382 52.615 53.4279 54.4612 55.7647 52.0345 57.2543 54.2393 53.4881 55.9724 52.3673 53.7805 56.2308 52.8876 52.9121 40.893 53.2572 55.5669 53.7686 55.1337 52.4517 55.1237 52.6826 53.8724 53.2447 53.5896 51.5526 54.9961 51.0403 53.9777 42.7292 52.2521 53.1026 52.291 52.7022 52.2334 52.5714 52.5117 55.6729 52.3039 53.4666 44.3333 55.0184 53.156 54.7094 51.4157 52.4886 52.4966 42.7324 52.2237 52.0626 52.3467 52.8815 51.1088 41.5141 45.2162 52.2759 53.8662 50.4423 53.9658 54.7726 52.7032
56.2239 54.8752 52.5745 54.8809 48.4145 56.5278 0 49.6682 56.3846 56.3893 57.2353 54.6384 56.6405 54.9134 55.2688 56.3885 55.9244 50.4626 54.2024 55.7383 56.2574 54.2779 54.8772 53.7422 49.0164 52.4268 56.1325 54.8999 54.7501 53.9442 56.1142 57.3337 53.4697 44.8787 55.7715 55.5665 55.6523 53.5944 55.2752 50.7722 49.4706 56.6397 55.9577 55.862 50.2776 28.1008 53.0808 54.3411 53.3552 56.7762 54.9102 52.2621 33.2872 50.7134 56.1846 53.9438 45.5754 57.2079 55.9548 50.8392 54.8895 55.9724 40.6124 53.9317 59.3787 57.2099 54.9982 57.3866 56.036 56.7989 50.6493 56.1293 50.9251 57.4101 56.352 48.8527 56.907 56.2904 56.0331 52.0294 51.4445 45.3863 57.8292 48.9061 49.3946 49.0722 51.6993 53.8248 54.7689 55.2786 56.5646 52.5613 55.0766 56.2358 57.2438 56.6898 57.352 50.0659 51.05 51.1038 44.981 48.3646 52.0875 46.2822 46.5383 55.0841 45.721 50.4041 49.1102 50.7395 48.7572 51.033 52.3039 50.1553 50.9062 49.8277 56.0647 47.3603 48.0597 46.0231 51.1148 51.727 54.4109 54.3296 51.9111 49.9757 51.9805 50.7941 57.5942 56.16 57.8595 57.0104 57.3246 54.1965 55.739 55.7567 46.3311
53.432 53.4927 52.3366 53.5685 24.3178 51.0647 49.6682 0 56.5466 53.6727 55.4437 53.218 51.9068 52.5643 53.0493 53.6238 54.217 29.9167 53.2778 53.3139 52.7937 53.6023 53.5393 55.8401 40.6343 51.8277 50.1721 54.8566 52.8644 51.2994 54.448 55.703 54.882 56.2982 54.5625 55.9883 54.1972 55.6283 54.3679 28.1109 52.7512 52.8303 54.2074 55.0395 29.7374 49.3776 54.6982 54.2363 54.1506 53.0324 55.7269 32.8527 49.9793 29.8781 53.0883 55.991 55.6428 53.1595 53.8577 53.28 53.8444 55.2472 52.462 55.3961 55.3665 54.4502 56.7113 53.2986 55.5286 52.8703 35.9251 53.2862 27.9276 52.8819 54.5689 54.6157 53.431 53.6337 54.1513 56.2997 29.7144 50.7526 52.7276 28.6699 55.413 27.9377 29.5754 56.2395 56.7169 53.7249 54.0721 54.7444 57.566 53.7356 53.1063 53.2967 54.3708 34.6106 29.0474 30.0856 36.4133 27.8398 27.8058 39.404 37.3993 52.4447 42.169 29.517 27.0643 25.5605 31.4855 35.5401 33.0668 36.9321 28.428 28.4255 53.0231 36.2196 29.9654 35.4218 26.6242 26.785 35.5811 52.7452 29.7197 26.3427 30.5633 27.9294 51.745 53.1289 54.039 54.8188 54.5365 50.3302 50.3037 53.0219 27.5167
53.0729 47.2035 46.3554 55.2893 56.7972 53.6102 56.3846 56.5466 0 51.8908 54.4076 54.1558 43.2178 53.8903 52.7718 56.0086 54.3136 56.0791 55.9339 56.0427 53.714 54.5165 52.2549 55.3262 56.9581 51.8216 53.1198 54.9994 53.8816 51.6539 52.4625 55.9549 55.036 58.5656 55.5858 54.6354 55.5246 57.6551 54.9511 56.773 58.598 54.6765 54.2091 54.7401 56.3487 53.7873 55.6969 55.5196 53.7196 49.1416 55.4968 55.7571 55.4662 58.1424 55.9045 56.7048 55.0703 57.0637 53.4585 57.3328 52.9351 56.9653 58.7835 56.5436 47.761 45.2325 55.3463 52.1522 55.5412 47.8988 55.6759 53.5749 57.0537 53.4637 56.1724 54.0016 55.3378 55.9965 57.7581 57.7845 56.478 60.53 48.3566 56.0747 53.5245 56.1721 57.1333 57.0912 55.8335 54.3539 55.5161 56.0756 56.9034 54.6374 55.5393 55.6484 56.3186 56.4038 55.315 55.0127 54.3884 54.3658 55.3921 56.649 54.6066 51.9189 55.5579 55.0224 54.3651 54.8443 55.5239 55.1486 57.2402 56.8398 56.2859 54.1555 51.4235 56.0675 55.5581 55.1983 55.7704 55.6541 57.3356 54.6784 54.8391 55.6113 55.0104 56.0192 47.7118 54.8612 55.5371 51.4677 58.1263 49.4345 55.1343 55.3847 55.053
44.9921 53.8473 52.2684 55.5686 53.4056 44.0664 56.3893 53.6727 51.8908 0 44.7103 54.1526 53.6428 44.3509 41.7416 47.4823 54.4782 55.0069 53.068 54.9206 48.1438 55.0866 53.2992 55.9485 56.4013 53.4729 53.7593 53.8772 54.6748 47.008 46.0476 56.3101 56.3683 58.0427 43.0261 55.5733 52.4135 56.904 54.6123 54.0934 57.0563 54.1103 55.5368 54.8297 53.9909 54.9573 54.6224 56.5684 47.2181 55.2365 55.2004 54.6331 57.3148 54.5786 56.6871 55.6632 54.1519 57.9784 43.6866 59.0622 54.7841 53.1521 56.0428 53.5063 54.1348 52.6078 55.0631 56.7632 53.8746 52.9963 54.9575 43.3638 54.1961 47.2569 55.111 54.8146 54.8728 55.8947 55.1988 57.2855 54.9556 59.2202 52.7401 53.5032 55.0484 55.1421 54.8044 56.9948 54.8074 53.3548 44.4204 54.6391 56.7838 55.7068 54.4493 55.6862 56.9216 54.7251 54.1903 55.4119 52.9321 52.6894 54.5241 54.5575 54.2998 47.2848 53.7886 53.6899 53.8875 53.9644 54.609 55.0809 54.3506 56.4714 55.2739 53.0407 49.8711 56.5484 54.308 54.9896 52.9207 54.2505 55.8796 45.9269 53.5432 54.9285 53.8663 54.1833 54.063 47.2819 48.3895 50.1669 56.7678 49.6466 55.6232 55.5955 54.4755
37.1493 52.478 55.3658 52.6438 55.8804 39.3067 57.2353 55.4437 54.4076 44.7103 0 53.2341 50.2185 31.0315 42.9712 43.3447 53.472 53.4437 52.8077 54.0437 34.7605 52.4337 55.3453 53.7694 55.4449 50.661 50.2815 53.7971 51.6878 40.729 38.1471 54.2125 54.579 59.3138 38.6809 53.6451 51.6108 53.9 52.2517 54.6209 58.8925 52.5219 49.1722 54.2553 52.4889 57.9362 53.0604 55.7371 41.2807 53.7119 53.7306 54.5863 58.2314 56.1826 56.3122 52.1076 55.4921 54.8961 43.8214 58.3447 52.6908 54.0018 57.7228 51.1489 54.663 53.795 53.4649 55.0595 56.7713 52.3837 55.1026 32.3731 53.8562 36.3026 54.4602 55.2986 55.8331 54.3216 55.8029 56.3715 54.3101 60.1294 50.9112 54.4358 54.9452 54.7125 54.7998 53.9502 52.4503 53.0925 35.4785 51.7847 54.192 54.6955 53.7703 54.5048 54.3535 53.3707 52.8811 54.1193 54.6872 53.7325 54.3758 53.4805 53.6381 37.396 55.3017 53.2638 52.8955 52.6526 53.3021 53.5018 55.0234 57.2328 55.6999 53.0214 44.5258 55.4808 53.3062 54.0112 54.0786 54.5477 56.2763 36.3683 53.4613 54.3021 53.0841 54.0642 52.3045 41.1567 47.8902 54.1504 56.2685 48.8776 54.5295 54.6476 52.9434
54.9352 49.7898 48.9918 49.6473 52.0063 53.4125 54.6384 53.218 54.1558 54.1526 53.2341 0 54.6466 52.9888 55.4223 54.1599 30.3992 54.6924 33.9743 47.058 55.3197 36.0719 53.6809 53.3212 57.3343 51.8844 49.4458 43.7382 43.3986 54.0355 55.241 43.4643 53.6976 55.8391 54.7353 45.3873 45.6821 55.3573 44.3999 53.5606 55.7466 49.602 51.6409 32.0722 53.0226 55.8676 53.6013 34.6226 56.0841 50.7095 55.2615 52.9299 56.6339 54.434 33.0558 55.1151 57.0794 37.0479 54.8617 55.9632 48.1134 35.0443 54.252 51.4237 51.0173 48.9121 50.8427 56.2152 32.1634 51.4611 53.9693 52.4138 52.2308 54.7024 35.1581 52.0649 30.4355 34.7977 31.4023 54.7297 52.205 55.0939 49.5835 53.4669 52.3773 52.4289 54.613 55.3828 52.6944 36.1125 53.2337 52.3691 52.6398 33.7806 43.5277 37.4194 36.048 52.7059 52.8749 52.7453 54.1129 51.9893 53.1395 55.095 54.6863 52.9831 53.8606 53.2935 53.3775 52.1114 53.1992 54.5588 53.0227 55.8352 53.5748 52.6138 56.4362 54.4578 51.8764 55.5235 52.1454 53.4985 53.1742 52.5491 51.6662 52.5899 52.9301 52.9352 54.7326 54.6324 54.7182 55.8882 36.3841 52.2084 50.1147 35.4012 51.0546
49.5294 45.378 43.8176 51.9861 52.1063 51.287 56.6405 51.9068 43.2178 53.6428 50.2185 54.6466 0 52.4544 51.4241 57.7295 52.9609 52.9381 55.0651 55.7762 49.095 56.0756 54.0513 56.1077 56.3502 48.2744 51.5392 53.8243 50.2432 50.5593 50.544 56.4487 53.8536 59.0647 53.1531 53.118 52.8531 55.5294 55.5643 54.945 58.4613 53.0298 52.7169 56.0338 54.5452 55.3521 53.0193 57.0584 53.8893 45.8746 56.574 54.6471 56.1815 54.9424 56.232 55.0082 54.2772 56.5006 51.3118 58.9484 50.4179 55.2805 60.0743 55.4494 44.6319 43.7385 54.8668 47.975 54.8915 46.7758 54.988 49.912 55.9731 50.8287 55.9685 56.0847 56.5259 55.3144 57.1795 57.2748 54.6306 60.807 45.9521 55.455 57.1194 53.0611 55.2836 56.402 55.6313 54.9378 52.5754 56.3435 58.8015 54.5932 53.6915 55.4967 55.8457 54.7407 55.5488 54.5911 56.5294 54.1388 55.2986 56.8598 55.1353 52.2571 56.5093 55.3293 54.7211 53.7213 54.4835 55.326 56.6304 56.9933 54.9688 54.4595 53.469 56.8773 55.1458 56.0206 53.6434 53.8222 56.2918 52.4275 54.2137 53.9884 55.1559 54.2107 44.3236 53.8626 57.8413 48.5177 56.8301 46.9551 55.3712 55.7442 54.4432
34.1059 51.6733 51.2089 51.0203 52.8521 38.9361 54.9134 52.5643 53.8903 44.3509 31.0315 52.9888 52.4544 0 40.601 40.7342 54.4905 51.8461 52.561 54.0668 35.22 54.3668 53.9169 54.3569 55.0773 48.427 51.7481 52.9382 51.6198 39.8058 38.8883 54.9435 54.4452 56.8845 34.6171 54.0426 51.7633 52.7199 51.7143 52.3135 58.1849 52.1974 51.5275 53.3785 51.1683 55.1253 52.2249 55.1194 40.7118 53.5848 54.4059 52.3131 56.4535 54.6058 55.152 52.097 53.5832 56.0409 41.572 58.0007 50.9431 53.9694 57.3044 52.6993 53.1721 53.3215 52.8812 54.4838 56.975 51.9206 54.1523 29.5142 51.5709 34.9906 54.1091 54.3941 54.5069 55.614 54.8217 56.4506 51.8661 57.1439 52.0341 53.4822 55.014 51.9215 52.7757 53.9125 52.0148 52.6591 40.2044 53.4504 54.2591 54.3647 54.5562 54.6951 54.4988 51.9786 52.2812 51.9345 53.0564 50.3023 51.9163 52.1004 53.8506 38.4398 53.4775 51.0979 50.6629 50.4928 50.1495 51.5301 53.6959 54.461 53.3465 52.0983 43.1073 53.2733 50.9188 53.436 51.117 51.4031 53.7169 34.5712 51.8041 51.2807 51.4343 50.9056 50.755 40.1992 47.1753 52.0493 53.4789 48.7331 51.9433 54.3201 52.0398
39.8381 54.0131 51.4467 55.4155 53.1874 40.3357 55.2688 53.0493 52.7718 41.7416 42.9712 55.4223 51.4241 40.601 0 44.3437 55.0403 52.22 53.5137 55.4287 44.2207 54.4495 54.2932 55.584 56.9197 51.6689 53.0319 51.6935 52.7931 40.1978 42.0832 56.769 55.611 57.5906 40.439 54.0309 53.8243 52.872 51.929 53.6865 55.9696 54.591 53.2776 54.2607 53.2055 54.8531 53.1219 54.7453 41.2865 54.0598 54.8888 53.1522 57.4397 56.5671 53.8608 53.2272 52.0492 56.0561 40.4758 56.2624 52.4692 54.8779 57.5825 54.9363 53.349 52.9119 55.2094 54.8087 56.0681 52.3854 54.7315 42.6386 52.9852 43.7872 53.8671 53.5545 53.5923 54.595 55.421 57.1849 54.0538 58.1597 53.3314 52.7876 55.1763 52.6358 54.716 55.4794 56.0739 52.6797 47.0333 55.3351 55.7724 53.7367 55.3345 54.0327 55.8464 52.5689 54.0871 55.0789 53.221 51.9678 54.3545 51.2513 52.6471 45.6527 52.1765 52.079 52.6509 52.5946 52.8071 54.0245 53.4967 55.9391 53.3086 53.4571 45.6148 54.8952 53.1588 55.1528 52.2333 53.3764 53.6061 44.6633 52.8455 52.3346 52.8821 54.0664 49.5359 43.0046 48.503 55.8766 55.8092 49.9327 56.1118 55.609 52.0077
44.6583 53.409 54.8937 55.2801 53.1296 43.5387 56.3885 53.6238 56.0086 47.4823 43.3447 54.1599 57.7295 40.7342 44.3437 0 54.8229 52.7738 53.8764 55.0925 45.388 54.4012 52.3074 57.5345 56.8406 53.1026 51.6238 53.5791 54.5265 41.8691 42.5071 54.7272 55.2456 57.0598 40.446 55.6068 53.3413 55.5156 54.8312 52.6033 56.0652 52.3796 54.0282 55.2064 53.2707 56.8665 52.8486 56.2024 41.3937 53.8345 55.3847 53.7938 57.9576 53.8868 55.5228 55.9093 55.3271 56.5528 42.8981 57.1411 54.2497 54.1326 56.0323 53.5657 51.8302 51.7375 54.0182 53.4468 56.6786 53.599 54.3602 40.2956 53.2415 41.3294 54.8871 54.5336 54.9782 55.3363 56.4744 56.8397 52.1362 59.5653 50.6421 53.4998 54.5933 52.2857 53.1105 56.0173 56.3646 52.2639 40.8034 55.1781 57.7083 55.089 54.7989 54.3241 56.5435 52.4954 53.1475 54.161 54.0166 53.9368 52.5936 52.7116 54.4765 47.6606 55.5785 52.585 52.244 52.4286 52.4413 52.7882 53.0949 56.2191 54.4117 52.9518 45.9021 55.1952 51.5938 55.2025 51.6871 54.5251 55.2231 46.5402 52.9279 52.5452 52.4133 52.7261 51.4235 41.2575 47.0022 54.3972 55.038 51.2719 55.0604 56.0033 53.6793
54.9878 49.6369 47.1998 50.3695 54.2788 54.047 55.9244 54.217 54.3136 54.4782 53.472 30.3992 52.9609 54.4905 55.0403 54.8229 0 54.6727 32.4374 48.0184 56.8301 33.845 53.7176 54.0266 58.2103 50.9299 48.8918 43.7672 44.5916 54.3192 54.4354 45.718 53.2669 55.7396 53.1015 44.1475 46.5691 54.5603 42.6476 52.3352 54.3893 48.8508 51.1478 32.3712 52.8361 53.8094 53.1026 34.5701 57.3139 49.1217 54.8563 53.6016 55.7101 53.7101 36.3854 54.577 58.7262 36.1979 55.1019 55.9977 48.6382 36.279 54.891 53.5568 47.7274 48.7236 52.8881 55.1714 37.606 50.4984 53.631 55.0317 54.3727 54.7289 33.9592 53.9321 35.596 32.2592 32.1442 53.6346 53.0145 57.2929 49.1852 54.7111 54.272 53.4122 53.9988 56.0036 52.5979 35.3125 52.7415 51.5446 54.9553 34.1896 46.2706 35.3341 36.3238 51.8446 52.0332 54.0318 54.0659 52.8408 51.9552 53.2179 53.206 53.8882 53.2943 53.0768 54.1703 52.4899 51.8284 52.7738 51.6622 53.9032 53.4753 51.1519 55.9545 54.1457 50.2983 53.3687 53.347 53.4389 52.8328 53.1216 52.8927 53.7974 52.5299 52.7118 54.1229 55.0334 55.0772 57.1464 35.0332 52.5029 51.0558 33.2695 52.0592
52.1936 55.0358 52.5433 53.5499 29.7615 52.4835 50.4626 29.9167 56.0791 55.0069 53.4437 54.6924 52.9381 51.8461 52.22 52.7738 54.6727 0 52.6749 53.5806 51.7149 53.7108 53.287 56.2783 43.0781 53.1635 51.5924 54.907 54.0897 52.0766 53.4073 56.2729 54.5142 56.0942 54.1721 56.4531 54.3213 56.515 53.0464 30.3475 52.98 53.4578 53.4253 54.9866 32.8781 49.9287 54.3144 54.6466 52.9438 53.865 56.8687 34.7071 51.3054 33.5046 54.4957 56.3679 54.8193 54.1324 52.6207 55.0521 54.26 54.4851 50.6728 56.142 56.0383 55.1192 56.7741 54.0325 56.0884 53.33 38.6788 52.2855 33.5921 52.0231 54.1343 55.7467 53.3837 54.0415 54.2268 57.783 31.795 51.4201 54.803 29.7371 56.0651 32.2569 33.2189 57.3417 57.4086 53.7904 54.6419 54.7366 59.1165 53.858 54.376 53.0206 54.6837 38.1123 32.2414 35.0062 39.0805 31.7263 28.0606 41.3509 40.7038 52.8062 40.7386 32.9896 31.3581 29.5104 33.6558 37.6044 36.2135 39.1468 34.2976 32.6149 54.9687 35.2468 33.2036 38.1999 29.4135 33.4056 37.2081 52.1474 30.5775 28.6435 32.8961 34.2498 52.7538 53.022 55.6063 55.5355 53.9908 50.8245 52.2409 54.041 32.3662
53.605 49.8057 48.9879 53.239 53.3384 54.4912 54.2024 53.2778 55.9339 53.068 52.8077 33.9743 55.0651 52.561 53.5137 53.8764 32.4374 52.6749 0 44.2228 54.9281 37.0075 53.5165 52.7882 56.8032 49.848 49.343 43.7607 44.962 53.4643 53.5 46.9138 52.2862 54.7677 53.6815 45.2969 42.2922 54.6792 41.0572 53.7502 54.7615 49.6345 48.3671 33.4206 52.0996 54.179 52.6075 36.4374 54.3962 50.0565 53.8565 52.3589 54.9517 54.0458 36.9267 53.4449 58.0976 35.6318 53.5447 54.9905 47.6356 35.4329 51.6815 52.6427 50.3308 48.4186 50.2538 54.5374 36.0463 52.6791 52.8374 52.1232 53.7969 55.2534 31.888 52.5839 33.3356 31.1832 29.4419 55.1742 53.0118 56.075 48.8844 53.2727 53.5419 53.3983 54.4411 54.8567 52.4463 35.7963 53.464 51.8964 52.6792 31.1008 41.7274 33.2814 33.1332 51.5677 52.2986 54.1454 55.0111 51.4957 51.4388 54.0086 53.1406 53.9288 52.8875 52.414 53.2301 51.5178 51.1614 53.2985 52.125 53.9831 53.9493 50.9749 56.0518 52.6842 50.6112 52.6635 53.1338 54.0584 54.5197 53.7363 52.2324 52.6867 53.4116 53.0077 53.9677 54.9281 55.3801 55.6662 36.3513 51.5185 51.2439 29.3383 50.2614
56.5044 50.0812 48.7781 52.455 52.6422 55.4508 55.7383 53.3139 56.0427 54.9206 54.0437 47.058 55.7762 54.0668 55.4287 55.0925 48.0184 53.5806 44.2228 0 54.0058 44.2439 53.5218 55.4161 54.1001 52.4606 51.2982 42.8844 51.9422 52.5411 54.7622 53.9364 54.513 57.76 55.7524 46.2331 42.4599 57.8116 45.9273 54.9625 57.8022 50.8979 48.4808 47.1205 54.0793 57.5532 54.4728 44.8969 56.8884 50.9545 55.6188 53.9703 56.9684 55.6511 47.2138 54.8315 58.7513 43.2358 55.5397 57.4407 48.2031 48.4429 55.0419 52.99 49.9944 51.5308 54.5124 56.0085 47.0045 53.0422 55.341 54.4009 55.0026 58.4898 46.6823 53.3184 44.5635 46.2528 45.9962 57.7099 53.6837 56.0382 50.275 54.5023 55.002 54.4601 55.3502 55.7304 54.6163 46.6032 54.1102 52.9196 56.2359 45.6959 36.0582 43.7471 44.9695 53.5091 53.771 53.1937 54.7704 54.2773 54.6511 54.6949 53.8563 55.6396 54.9257 53.3709 54.2988 53.55 53.6461 55.0085 54.0968 55.9881 55.1375 52.8675 56.8752 55.7288 52.5429 56.7916 54.6606 53.7294 54.7337 56.3953 53.1326 54.2868 52.628 55.2169 54.9783 55.9174 56.7055 55.3688 48.6459 50.9671 53.155 43.1854 51.7496
34.7864 51.3247 52.3462 48.9947 51.949 41.8517 56.2574 52.7937 53.714 48.1438 34.7605 55.3197 49.095 35.22 44.2207 45.388 56.8301 51.7149 54.9281 54.0058 0 53.5463 54.1617 56.6277 55.7334 50.3483 50.6404 53.4655 52.1481 43.3132 41.637 54.1282 53.0111 57.2462 37.78 53.6497 50.4251 53.2827 51.4346 53.2255 58.46 53.1333 51.4058 53.1653 53.0818 56.868 51.908 55.298 44.2696 54.5881 55.403 53.4478 55.7226 56.0063 55.2991 53.2772 52.5701 55.077 42.0518 58.7718 50.7123 55.8033 58.4973 51.6091 53.1187 53.9792 53.0216 53.7322 57.6208 53.283 53.9329 34.795 52.5899 40.6269 53.8018 55.1621 55.6574 54.5235 57.1061 56.2535 54.5759 60.4777 51.703 54.107 55.3851 53.6046 53.9324 56.7949 54.641 54.4536 41.593 53.6038 56.0224 54.6927 53.8928 54.0148 54.118 53.0306 51.3441 55.3511 53.3823 52.5557 54.3601 54.4053 54.9984 38.6888 54.5492 51.2908 52.9955 52.1594 52.1184 54.8474 55.3966 55.7889 53.959 53.1985 48.1684 55.3894 54.1438 53.6427 53.1758 53.1254 54.5318 39.7451 54.2673 52.464 53.2548 54.3205 52.058 43.5125 48.4818 53.0589 55.3382 48.5419 52.2066 55.222 53.592
54.4678 49.431 49.126 52.7198 53.5429 54.6558 54.2779 53.6023 54.5165 55.0866 52.4337 36.0719 56.0756 54.3668 54.4495 54.4012 33.845 53.7108 37.0075 44.2439 53.5463 0 55.8794 53.465 57.1999 50.9972 50.016 42.4792 46.1086 52.8657 54.3733 46.2707 55.2365 55.4669 55.4027 45.8988 46.9117 55.4478 45.2847 52.0747 53.2483 49.6519 49.3017 37.4663 52.8233 53.3867 53.0778 36.3308 54.9989 50.9855 54.9165 52.6154 54.3184 52.5466 38.0264 53.2149 55.4311 35.1577 55.3675 54.1295 48.5706 38.4808 53.4908 52.5139 49.7589 48.8646 51.7546 55.3312 37.945 49.8014 53.3887 52.2277 53.5279 54.611 39.234 51.2915 36.2498 34.2841 36.439 53.6853 52.308 56.3694 48.0028 53.492 50.8269 53.462 52.5873 54.1473 52.7745 38.0289 51.2995 50.8756 52.2533 36.8868 46.5499 34.6901 40.1193 50.2374 52.1784 54.0825 53.9007 52.2158 52.4906 52.6132 53.1102 53.4674 53.1873 52.3766 53.3562 52.215 52.248 53.7182 51.7653 55.109 53.269 50.1504 55.9418 53.5801 50.653 52.7339 52.5024 53.321 53.07 54.4057 51.7322 53.8246 53.7451 52.6053 53.9951 55.0217 54.9836 56.4326 38.2236 51.5591 51.1434 37.5325 50.543
53.705 53.9446 56.0254 44.7246 53.5672 52.6234 54.8772 53.5393 52.2549 53.2992 55.3453 53.6809 54.0513 53.9169 54.2932 52.3074 53.7176 53.287 53.5165 53.5218 54.1617 55.8794 0 56.007 58.2932 47.4002 42.4106 52.8204 49.9401 51.3868 53.375 54.1204 52.8907 58.4635 54.0625 52.5457 46.4962 55.0143 49.9435 53.2979 54.7126 43.52 45.4136 55.3969 53.2244 54.9213 50.3871 53.7236 53.4144 54.9865 54.4643 52.6171 55.0328 52.1105 54.7638 54.1058 52.7571 54.4215 54.5285 56.2562 52.0136 53.2002 57.4558 48.4601 56.1478 54.8847 53.7364 56.7506 55.8887 55.9969 52.9179 51.2576 52.5903 54.5682 52.6465 51.6964 53.4245 53.9085 55.3613 55.9887 51.5741 58.1068 53.5489 52.114 53.1344 51.8061 51.3764 56.7667 55.0333 54.1283 53.3992 53.7937 58.0715 52.416 52.7749 55.5134 52.5365 52.8909 53.667 55.0752 52.5254 53.2623 54.3083 53.4269 51.9386 54.1099 54.4854 51.2706 50.6292 52.1036 52.2003 54.0715 52.5626 56.1995 53.4278 53.0268 54.6247 55.4283 53.3081 53.7534 51.6731 52.3129 52.5148 53.1235 52.7657 50.9578 53.4623 52.8728 56.4037 53.4787 54.518 56.5533 54.3076 43.401 51.8757 54.6001 53.0585
56.3305 57.4991 54.8864 55.9945 56.5759 55.529 53.7422 55.8401 55.3262 55.9485 53.7694 53.3212 56.1077 54.3569 55.584 57.5345 54.0266 56.2783 52.7882 55.4161 56.6277 53.465 56.007 0 56.4768 53.0532 54.4079 52.0761 55.6967 56.0291 53.9897 55.2074 41.464 56.882 53.2101 54.6148 52.7723 44.34 51.2566 55.93 55.2147 54.5866 54.9474 53.6145 54.7624 54.9916 45.261 53.278 56.5351 56.0911 40.9453 54.5683 55.0253 57.3493 54.2627 44.6288 53.4563 55.5048 55.1919 51.1073 53.3453 54.063 54.5285 54.043 55.461 53.7592 44.8948 58.5525 54.2397 55.7329 56.5128 54.1327 56.3836 54.4567 54.2146 51.3579 53.9868 54.0922 55.3884 55.9986 56.8385 48.8683 54.6572 55.3326 52.0155 57.3347 57.252 37.5795 40.351 53.3969 55.1087 37.0679 32.5057 52.9978 53.8799 53.2535 54.7944 57.5973 56.726 56.6031 56.5678 56.9243 56.3578 57.2055 56.7525 56.0291 57.7948 55.7389 56.4164 56.2108 56.3912 57.3933 56.191 58.9757 56.3134 54.5997 54.4565 59.096 56.0159 56.4949 56.093 56.4037 57.021 55.1396 56.8889 56.8639 57.3023 57.0826 55.2013 55.0915 56.2376 55.7657 53.6462 55.2853 51.5197 53.0377 55.4628
55.5488 56.2562 54.7542 59.0158 39.701 55.5224 49.0164 40.6343 56.9581 56.4013 55.4449 57.3343 56.3502 55.0773 56.9197 56.8406 58.2103 43.0781 56.8032 54.1001 55.7334 57.1999 58.2932 56.4768 0 56.0575 54.1826 57.0872 57.6725 55.18 55.3297 56.302 56.996 56.9219 56.0624 56.6733 55.4796 58.7337 56.5538 42.9615 55.2277 57.8199 56.0094 56.7751 40.0135 48.3815 59.1776 54.116 53.6101 55.1222 59.5519 40.7187 48.4265 42.5931 56.0398 57.5154 58.45 55.6184 54.197 54.5034 55.4504 56.0946 48.5296 55.512 56.4332 55.1371 58.0712 56.0553 57.2924 56.4662 46.0154 52.2924 42.2756 54.9817 57.1753 55.363 55.4797 56.4786 55.8907 62.0262 41.6234 49.077 55.8476 42.3654 56.5103 42.883 42.2183 56.9266 57.4977 56.213 53.3755 55.7234 57.4607 56.1237 54.0177 55.8774 56.3299 43.7862 42.8436 41.3879 38.6029 42.9134 44.2397 40.8589 39.7696 54.5223 42.3664 42.4135 40.6013 42.106 40.9855 41.5392 43.1553 40.5024 40.799 41.0959 55.3043 40.8415 41.3017 40.1847 43.5403 40.7642 44.2698 56.2071 42.24 41.418 40.0055 43.041 54.7267 54.3066 56.7457 55.3846 57.1259 53.5649 53.9565 55.3254 39.4556
52.175 53.5641 54.7341 48.6411 51.8299 53.4183 52.4268 51.8277 51.8216 53.4729 50.661 51.8844 48.2744 48.427 51.6689 53.1026 50.9299 53.1635 49.848 52.4606 50.3483 50.9972 47.4002 53.0532 56.0575 0 48.4671 52.7319 46.1978 53.3408 54.3709 52.9916 49.5383 56.4484 53.5206 52.3913 51.1469 52.6936 43.122 52.3733 52.9003 48.1084 49.0477 51.6852 53.5947 52.3347 52.1227 51.8834 55.6969 55.9973 53.3462 52.2178 52.4794 52.2232 53.6683 49.5705 52.6839 52.2264 56.5384 53.2087 47.4156 53.1145 55.814 52.9081 55.7785 54.6974 49.4496 58.3544 55.7699 55.0786 54.0363 52.1835 53.0639 55.6204 53.1063 50.3906 53.0002 50.5871 55.2029 55.8796 52.1053 55.5315 52.7269 52.3689 51.5533 52.3049 52.6121 53.9427 49.7651 51.0625 53.2547 52.2671 53.2049 51.4042 53.6397 51.9202 51.7203 51.8728 52.9555 52.315 54.3229 53.0553 53.6905 55.0203 54.6823 54.46 54.1147 52.3509 52.9131 51.9347 53.3827 52.9191 52.1498 57.0125 53.5785 51.1354 55.3754 55.2131 52.062 55.0586 52.7871 54.085 53.8856 53.2189 54.2555 53.5428 53.8517 52.8752 53.5717 54.6196 55.7984 53.3091 54.2567 43.3959 50.5836 50.277 49.5425
51.0379 52.9413 51.7233 34.2041 51.0398 50.0083 56.1325 50.1721 53.1198 53.7593 50.2815 49.4458 51.5392 51.7481 53.0319 51.6238 48.8918 51.5924 49.343 51.2982 50.6404 50.016 42.4106 54.4079 54.1826 48.4671 0 49.504 47.1558 53.8334 52.945 54.3182 51.9014 56.7778 52.1605 50.0927 43.8691 53.7568 49.0167 52.6769 53.5112 33.2577 35.1862 49.6905 52.2247 53.6958 50.677 52.2967 54.1854 52.4883 54.8314 53.0529 53.6698 53.799 52.2984 53.7733 54.7517 54.603 55.2055 55.6241 47.1974 51.6134 55.5175 41.9071 54.5593 52.5336 51.6183 56.6827 53.3998 54.3248 53.5705 51.4907 50.9674 53.1453 49.8292 52.5676 50.9948 51.1419 50.8991 53.6456 52.2495 58.5602 52.4626 52.5573 52.8526 51.8294 54.0835 54.929 51.6462 50.4781 52.7499 51.2397 55.0352 48.711 51.0974 51.291 50.4228 51.2731 52.424 51.4379 53.8802 52.1352 52.693 55.18 53.7539 52.1193 55.1351 51.137 52.5975 50.962 50.9309 52.1784 52.942 55.9369 52.5007 51.2485 51.7098 53.9734 51.4258 52.1323 51.4224 53.2405 52.5172 53.1181 51.2629 51.1486 51.8692 51.8202 54.1775 56.0054 58.0063 56.2219 52.7565 38.344 49.7037 51.54 51.4514
55.3825 50.0901 49.5058 50.7321 53.9642 53.2886 54.8999 54.8566 54.9994 53.8772 53.7971 43.7382 53.8243 52.9382 51.6935 53.5791 43.7672 54.907 43.7607 42.8844 53.4655 42.4792 52.8204 52.0761 57.0872 52.7319 49.504 0 48.088 53.8389 56.1898 49.1446 52.8125 57.197 53.9374 42.3824 42.4427 54.4807 42.1115 55.2276 55.446 49.0166 50.59 40.4249 55.6146 55.4513 54.237 41.0645 57.3167 49.1427 54.3275 55.706 56.2997 55.907 41.3328 56.6225 56.1172 43.7457 55.2262 57.5704 38.5551 44.8717 54.2959 50.4548 50.4138 50.6171 53.3782 57.1935 42.9638 51.2731 56.2981 53.8203 55.2744 57.021 39.3564 53.5605 37.8428 44.908 42.1567 56.3426 54.9053 55.6319 50.3468 56.4393 54.1239 55.1314 56.3211 55.4374 54.6826 44.8449 55.0472 52.5351 55.4191 37.5277 40.9024 41.2731 39.7657 54.5704 54.4548 54.2021 55.8121 55.1922 54.8075 55.6917 55.2936 55.403 54.865 53.7449 54.6849 54.4549 54.3404 54.2355 54.0028 56.5336 54.8193 54.2522 57.539 55.4684 51.7952 56.9223 54.842 54.8556 54.99 55.2899 52.9862 54.6857 54.1349 54.2899 55.523 55.7935 59.29 57.3965 42.3854 50.7516 51.375 41.2629 53.295
54.1226 54.9149 55.8095 47.5354 53.7053 52.6389 54.7501 52.8644 53.8816 54.6748 51.6878 43.3986 50.2432 51.6198 52.7931 54.5265 44.5916 54.0897 44.962 51.9422 52.1481 46.1086 49.9401 55.6967 57.6725 46.1978 47.1558 48.088 0 53.9396 54.3557 43.8107 51.4984 55.9675 54.2813 48.9182 48.9284 54.2577 51.9155 53.1474 54.5371 47.7545 49.6394 41.4905 53.7726 55.0426 50.3523 42.0613 55.2627 56.66 51.774 53.5271 55.7858 55.3275 40.288 53.4353 56.6755 44.9798 55.1058 54.6965 41.3926 46.8088 56.1078 49.2133 57.2509 54.3729 49.0803 56.5091 45.654 56.3487 53.2161 53.1961 54.1976 54.3894 41.4348 53.9706 39.6053 46.7269 46.5206 54.2314 52.6028 59.2599 55.2239 54.1632 54.752 52.7289 54.0834 55.8112 50.4853 44.561 54.7557 52.8944 54.7478 40.3168 51.921 43.1077 44.3932 53.119 54.2634 54.7188 55.9842 53.9689 54.9539 55.6477 56.1383 52.5473 55.9666 54.4885 54.6232 53.5687 52.536 54.3031 53.0767 56.0707 53.7864 52.7344 54.5776 55.5133 53.9002 57.1521 52.4613 55.2509 55.0192 52.8994 52.8827 54.2256 55.5419 52.6722 54.7453 55.0212 58.8832 54.8966 46.3639 48.8594 49.9969 41.1322 53.6236
42.2336 51.088 50.3982 53.6481 51.4341 40.4722 53.9442 51.2994 51.6539 47.008 40.729 54.0355 50.5593 39.8058 40.1978 41.8691 54.3192 52.0766 53.4643 52.5411 43.3132 52.8657 51.3868 56.0291 55.18 53.3408 53.8334 53.8389 53.9396 0 41.2513 54.8299 54.4194 58.4623 44.7587 54.6689 53.4491 56.386 52.1983 53.6233 58.3227 53.2501 52.2674 54.1473 53.6043 55.4795 53.2475 53.3722 40.0082 53.2023 54.9329 53.8745 57.4383 55.004 53.7317 54.3026 53.3317 52.1391 43.6167 57.9466 53.8926 53.2772 55.6962 55.3832 49.4456 51.1321 54.787 54.1859 55.3093 52.1323 55.6965 40.6043 52.634 42.1264 53.3802 53.0788 52.86 52.4195 54.9027 55.0633 54.7065 58.2218 51.7319 53.6383 54.6316 52.651 54.0168 56.0782 55.5843 51.8309 39.8354 54.7018 56.2183 53.1337 53.6089 52.1051 56.1387 54.3839 53.2535 53.8911 54.3133 52.4284 53.9159 53.2652 53.429 43.8013 55.5567 53.0926 52.8475 52.286 51.1665 54.1243 52.6371 55.7639 54.4413 53.4268 44.8821 55.8477 52.4945 54.71 53.5767 53.8686 53.2738 44.2515 51.5937 52.0895 50.1263 52.8725 53.4591 42.0025 46.9491 52.5531 54.5456 50.1083 54.232 53.7777 53.2411
38.919 52.0112 51.138 53.1108 53.526 39.3544 56.1142 54.448 52.4625 46.0476 38.1471 55.241 50.544 38.8883 42.0832 42.5071 54.4354 53.4073 53.5 54.7622 41.637 54.3733 53.375 53.9897 55.3297 54.3709 52.945 56.1898 54.3557 41.2513 0 55.8829 54.3462 58.4384 42.9374 54.9193 52.0957 54.3411 52.9065 55.7616 58.2456 52.8076 52.328 54.8074 55.8154 55.711 53.4744 55.808 37.4843 55.029 54.2657 54.6939 58.0312 57.8765 57.3492 54.3695 54.7571 55.9138 39.4185 59.6195 53.6861 54.9987 57.2582 52.2722 52.1442 53.3174 53.9198 54.9816 56.7548 52.2021 57.0672 36.6351 54.4332 38.8234 53.5438 56.3866 55.7352 56.1165 56.1751 55.4936 54.6095 58.8194 51.1716 55.1224 56.5332 54.4316 55.9032 55.0319 54.0897 53.2916 40.3877 53.5074 55.2452 55.5019 54.7152 55.6448 56.5324 55.5583 54.9186 55.4811 54.3149 54.9066 57.6154 52.8183 54.6175 44.5355 53.9933 54.8824 53.6047 55.0734 53.3923 55.0434 55.7607 57.0864 55.9732 54.7435 45.0815 56.465 56.0843 54.9328 54.9573 56.2996 55.4113 42.4887 54.2402 54.6243 52.9085 55.475 50.4898 42.8834 47.3257 51.9562 54.7613 49.2289 55.7422 54.8868 53.8179
56.1332 56.4013 56.2675 53.6903 54.6697 54.8318 57.3337 55.703 55.9549 56.3101 54.2125 43.4643 56.4487 54.9435 56.769 54.7272 45.718 56.2729 46.9138 53.9364 54.1282 46.2707 54.1204 55.2074 56.302 52.9916 54.3182 49.1446 43.8107 54.8299 55.8829 0 53.7774 57.0975 53.8025 51.2924 52.6036 54.0083 52.9942 53.966 55.1237 52.58 54.5483 44.4655 54.9292 56.8438 52.518 44.9248 55.0195 56.2252 53.8543 55.0576 56.4248 55.017 41.8565 55.8639 54.2608 43.4767 54.5722 55.6714 49.4807 47.7427 55.3702 52.0141 55.2748 53.9979 52.8036 58.3889 46.0135 56.3398 54.5582 54.6668 54.2074 54.1454 45.0369 55.6311 42.72 47.3702 46.208 54.0399 53.1044 55.2626 54.7441 54.8612 55.9966 53.3729 55.3164 56.3524 53.6543 47.3019 53.5458 53.63 54.8251 43.4543 53.1931 45.3864 48.0669 52.5624 53.552 55.2509 55.7248 55.0726 55.2664 56.6937 56.7718 53.6825 53.9172 54.9466 55.6541 54.9805 54.5219 55.9298 54.1167 55.9299 54.359 53.7092 51.8487 57.1745 52.6827 55.2317 53.0797 55.0002 54.2946 53.9847 53.3392 54.6824 54.9613 55.3894 54.0437 53.8298 56.4307 55.4117 45.5661 52.4051 52.4867 45.0239 54.3188
54.1135 55.3204 55.2654 52.1702 54.9713 53.0327 53.4697 54.882 55.036 56.3683 54.579 53.6976 53.8536 54.4452 55.611 55.2456 53.2669 54.5142 52.2862 54.513 53.0111 55.2365 52.8907 41.464 56.996 49.5383 51.9014 52.8125 51.4984 54.4194 54.3462 53.7774 0 55.7509 54.4513 55.3048 55.2883 39.8197 53.3153 55.377 55.4295 54.1908 54.8707 56.2908 55.1141 54.6988 38.2836 54.8194 56.9346 54.8123 39.2637 55.131 54.2336 56.0017 55.1969 38.3349 52.3086 54.3859 56.4546 49.8162 52.8542 55.305 55.9632 50.8757 56.3147 54.8108 43.4069 57.8464 55.9433 56.8254 56.8779 53.9997 57.6896 55.4858 54.5929 54.4764 55.4825 54.6532 55.9481 53.8003 55.9662 51.0547 56.6457 54.5615 55.8341 55.3382 57.2864 43.8779 38.8794 53.836 54.8475 41.3896 40.4895 53.374 55.6382 54.66 55.6468 54.8492 55.5533 55.1609 56.7354 55.5751 55.6015 56.1954 54.5316 55.3033 57.8801 53.8893 54.5452 53.9381 53.8542 57.3588 56.8123 59.9272 55.4268 54.5492 55.6349 58.2093 55.2636 55.6197 55.6115 55.2543 56.7988 53.1945 55.665 54.3075 55.7602 55.5767 54.9436 55.9214 57.0857 55.9055 53.7907 53.7343 51.5661 53.7209 53.7699
58.1759 58.4224 57.7259 57.2332 55.5075 57.6907 44.8787 56.2982 58.5656 58.0427 59.3138 55.8391 59.0647 56.8845 57.5906 57.0598 55.7396 56.0942 54.7677 57.76 57.2462 55.4669 58.4635 56.882 56.9219 56.4484 56.7778 57.197 55.9675 58.4623 58.4384 57.0975 55.7509 0 56.5917 55.4264 55 58.0453 53.5608 54.4276 48.8706 54.8952 55.8007 55.8261 54.8393 42.3965 57.3966 55.4384 56.9639 57.3668 58.6791 55.5231 44.025 55.6645 54.3218 56.6952 44.2724 55.2947 56.6722 51.0044 54.8191 56.7646 51.7911 55.6607 57.6573 57.4142 56.3417 57.2299 55.7233 56.2742 54.4803 57.4989 56.8031 57.3645 56.1012 50.0629 55.0375 54.2506 55.4732 50.4989 55.4827 53.0106 57.1832 55.5361 50.7248 54.2565 56.3677 57.7411 57.9103 56.2647 59.0413 56.226 57.567 55.8732 56.325 54.9034 54.5752 53.0782 54.4594 55.2149 55.7442 53.0363 55.1393 54.0475 55.6059 56.2323 54.9829 55.0627 52.4078 53.726 53.5439 53.2018 53.2462 56.3807 54.5382 55.0085 55.7337 56.6404 54.3192 53.8486 55.0611 54.1674 55.7317 55.0417 54.1677 54.5628 53.7365 52.9761 56.5221 57.707 58.1791 58.5239 55.3973 55.2089 53.1997 54.4338 51.9284
38.5566 53.1083 52.9378 52.3428 54.8499 41.2874 55.7715 54.5625 55.5858 43.0261 38.6809 54.7353 53.1531 34.6171 40.439 40.446 53.1015 54.1721 53.6815 55.7524 37.78 55.4027 54.0625 53.2101 56.0624 53.5206 52.1605 53.9374 54.2813 44.7587 42.9374 53.8025 54.4513 56.5917 0 54.4441 52.718 53.8492 53.4496 54.7252 56.3899 52.8221 51.7499 53.9279 55.7368 57.2552 53.4004 56.2257 44.4537 54.6675 56.796 54.8416 58.1491 56.7342 55.9344 53.3715 53.5876 57.0054 42.3505 58.9984 53.3257 55.1953 58.1922 53.3715 55.0327 54.2771 54.1564 56.8423 56.1689 52.3835 56.7929 35.8975 53.8251 39.0772 55.2711 53.474 56.4027 57.1173 55.4457 56.9419 54.2175 59.4907 50.8987 55.6816 54.3275 54.3713 55.8496 54.4824 54.417 53.9144 41.2829 53.2979 55.3206 55.6507 53.8796 54.5175 56.6697 54.6635 52.7486 56.7582 55.1846 55.864 55.4805 53.5201 55.7479 40.3436 55.3155 54.3255 53.2948 53.8375 52.4616 53.7428 55.2802 56.86 55.2903 54.8997 47.2038 56.6657 52.3894 55.8092 53.1162 54.2519 55.9877 40.4339 53.3191 53.9102 52.4286 54.6739 52.1806 46.8949 48.5949 55.5851 55.2327 50.5133 54.6772 55.2916 53.7153
56.0789 47.7145 47.271 50.8259 55.4305 54.7192 55.5665 55.9883 54.6354 55.5733 53.6451 45.3873 53.118 54.0426 54.0309 55.6068 44.1475 56.4531 45.2969 46.2331 53.6497 45.8988 52.5457 54.6148 56.6733 52.3913 50.0927 42.3824 48.9182 54.6689 54.9193 51.2924 55.3048 55.4264 54.4441 0 45.7283 55.9542 45.9121 54.3549 56.0796 50.6145 52.3014 46.2793 55.6711 56.8653 55.262 46.9636 56.2738 50.5788 56.3414 54.7086 56.6817 54.968 44.8903 55.0134 58.0239 47.4363 56.5294 56.807 48.9572 48.7513 56.0924 52.4964 50.6861 50.0635 54.4994 56.1552 45.7365 51.1066 55.4675 54.5624 54.8298 56.9446 44.718 51.8509 42.4034 45.8033 46.7374 57.091 54.9701 56.7051 49.9834 56.2792 52.2371 54.654 56.3627 56.088 54.2431 45.4687 56.8303 53.6499 56.9982 43.5711 44.9918 46.3329 45.7444 57.1903 55.7972 55.8756 57.3115 57.0473 56.1779 56.4864 56.0473 55.0998 57.7985 55.0153 56.4945 55.5141 54.344 56.0594 53.9905 57.4988 53.7745 55.0929 57.519 56.7749 54.4086 58.4137 54.4508 55.1778 55.705 54.5509 53.676 55.1596 53.5058 55.0978 56.3819 55.3678 59.1061 59.0562 46.9946 52.9208 53.8101 46.5269 54.6208
53.0406 49.4627 47.4887 48.38 53.7321 54.6871 55.6523 54.1972 55.5246 52.4135 51.6108 45.6821 52.8531 51.7633 53.8243 53.3413 46.5691 54.3213 42.2922 42.4599 50.4251 46.9117 46.4962 52.7723 55.4796 51.1469 43.8691 42.4427 48.9284 53.4491 52.0957 52.6036 55.2883 55 52.718 45.7283 0 56.0579 42.7189 54.1423 57.3487 42.641 41.9456 43.3518 52.8183 54.6889 53.0506 47.0155 55.5605 48.9668 54.963 53.4144 56.744 55.0266 47.2485 54.6657 55.1373 47.7368 54.0551 55.9007 49.5804 46.9475 54.96 47.2969 52.6924 48.5133 53.8218 56.1584 47.3553 50.9901 53.8316 52.7306 52.6593 54.2965 47.3779 53.2575 46.7133 45.9891 48.2406 55.9898 53.2097 55.7473 48.2062 51.6159 54.428 54.3223 54.214 55.847 55.0251 45.815 54.2941 53.0722 55.8708 44.436 41.2702 47.9718 40.9212 52.06 53.6566 53.8247 53.5659 51.2946 53.2266 54.1259 52.8677 52.4096 54.8856 52.1105 51.9013 51.0991 52.1423 53.0207 53.2908 54.765 53.9299 52.0579 55.475 52.9619 51.8663 53.7232 53.1241 52.384 54.3656 52.6089 52.7836 51.9768 52.0475 53.622 55.8713 55.4012 56.2375 55.2482 48.5766 45.2385 51.55 42.031 49.6585
